name,id,cur_rank,prev_rank,world,dc,points,points_delta,portrait,tier,wins,wins_delta,job
Milk Jds,10570379,1,0,Zodiark,Light,4495,0,cf8503b76a559329b409ac7cfe329e0c_c274370774c6bc3483cc8740805f41bcfc0.jpg?1734861237,Crystal,614,14,AST
Maarato Cookie,20349526,2,0,Twintania,Light,4464,0,dbab16598b86bb31b2eb96070f723572_c33f640c0cdd35f7def85b8aa31a0007fc0.jpg?1734862127,Crystal,300,0,MCH
Saboree Catboy,36051653,3,0,Spriggan,Chaos,4104,0,b61ec1080d608b5a83f30baef219dc02_feaf0a2e88ff164813fbc9b85876fa48fc0.jpg?1734860791,Crystal,674,2,SAM
Shaivonte Alexander,55509042,4,0,Twintania,Light,3894,0,5d384254c762ebe1c6f41c30a765307c_c33f640c0cdd35f7def85b8aa31a0007fc0.jpg?1734863336,Crystal,199,0,RDM
Doctor Zafari,16879977,5,9,Cerberus,Chaos,3792,199,5a436bd301321720ffe4db8947a142a5_777c57311d510ca65dac3c1077dee435fc0.jpg?1734862271,Crystal,179,2,NIN
Cliffe Zanza,36074329,6,5,Spriggan,Chaos,3760,3,d8d2fa78adb447ec4b6d5d747f5d5f84_feaf0a2e88ff164813fbc9b85876fa48fc0.jpg?1734861372,Crystal,711,18,DRK
Ji Ri,55687703,7,6,Phantom,Chaos,3751,0,2ea1abc64e195e4caae3aa1b74fea530_f0a43d6e5eea19af337a176e9836acddfc0.jpg?1734861906,Crystal,155,0,RDM
Snap Ringer,18714030,8,7,Omega,Chaos,3665,0,77577ce781d587b133c9c53da0974817_39e25ac3d737c46452305eefe324372cfc0.jpg?1734860534,Crystal,225,0,RPR
Miyu Edelfelt,21335430,9,8,Phoenix,Light,3607,0,ba690d74246b4d07f543f0d9516feec2_5047bc596a4bab2dc7f7c120bb22dec5fc0.jpg?1734862549,Crystal,321,13,WHM
Prisma Tic,38791879,10,0,Cerberus,Chaos,3539,0,5220c35172bb26154c862a6d485e37b8_777c57311d510ca65dac3c1077dee435fc0.jpg?1734860314,Crystal,366,6,RPR
Imy Pure,24943089,11,0,Cerberus,Chaos,3398,0,2e46879ac1baf7fc77ec2de872a0461c_777c57311d510ca65dac3c1077dee435fc0.jpg?1734862908,Crystal,462,7,SCH
Slayn Lockmeier,43624360,12,0,Ragnarok,Chaos,3271,0,6e8ed130575c22a15b32af255b35348b_40d57ba713628f3f1ef5ef204b6d76d2fc0.jpg?1734860598,Crystal,233,7,RPR
Lybel Alyborias,25836089,13,0,Louisoix,Chaos,3251,0,a86b680e6c4e5e23befaaaf535a158de_0a122616f3718d3f45cab10fd8fc1604fc0.jpg?1734863005,Crystal,346,6,SAM
Tsukuyo Ritlas,37800185,14,0,Odin,Light,3234,0,eca30840fe0bed8e80f620b5f57c49de_644311b63b607133c989d7c1188467dafc0.jpg?1734862676,Crystal,272,11,GNB
Shino Yaru,38308969,15,0,Phoenix,Light,3199,0,0662727bb913ed7fe3009f3542ea1e64_5047bc596a4bab2dc7f7c120bb22dec5fc0.jpg?1734863709,Crystal,300,0,WAR
Mamiyama Kamimama,37371304,16,0,Spriggan,Chaos,3191,0,3c6fd6569d3dce40308c9a2a1f3c3bfa_feaf0a2e88ff164813fbc9b85876fa48fc0.jpg?1734863317,Crystal,309,5,SCH
Loty Coldwind,36521588,17,0,Twintania,Light,3173,0,3632cf6d20598f5c4c7b748be7e19153_c33f640c0cdd35f7def85b8aa31a0007fc0.jpg?1734860914,Crystal,470,6,SCH
Moki Moki,14235486,18,0,Odin,Light,3117,0,82d3ef8d03fa7a6ddf4429f15fd296a2_644311b63b607133c989d7c1188467dafc0.jpg?1734862364,Crystal,230,0,MNK
Menshir Astraea,34431346,19,26,Zodiark,Light,3000,216,507b72595cc70908de27c417ce578372_c274370774c6bc3483cc8740805f41bcfc0.jpg?1734862106,Crystal,224,6,PCT
Meryll Enetari,24681550,20,19,Cerberus,Chaos,2950,0,f4fe16c70d7023e2101e19421c5abf1e_777c57311d510ca65dac3c1077dee435fc0.jpg?1734862457,Crystal,638,17,DNC
Vanilla Blossom,41496807,21,34,Moogle,Chaos,2891,591,b0e7d1b464d155d8791692fe2e47299d_d7a9d5f85a29d6278ec1c7adc2c8d242fc0.jpg?1734863631,Crystal,368,17,BTN
Raraimo Eremo,31237998,22,20,Spriggan,Chaos,2874,0,15d73fa6c3dc13fa361df7a1e86e0400_feaf0a2e88ff164813fbc9b85876fa48fc0.jpg?1734862206,Crystal,241,0,BLM
Strawberry Kea,31214992,23,21,Ragnarok,Chaos,2866,0,0828e8eb3fb4ba1470ad303dab621600_40d57ba713628f3f1ef5ef204b6d76d2fc0.jpg?1734862505,Crystal,169,0,SAM
Xen Thique,40172078,24,22,Odin,Light,2863,0,8930228f4df0c18feea28ebbb1c451f2_644311b63b607133c989d7c1188467dafc0.jpg?1734860442,Crystal,376,2,SCH
Cor Rhaxar,26340812,25,23,Spriggan,Chaos,2847,0,f97aae4dc428e40f471590f0fd1c7d65_feaf0a2e88ff164813fbc9b85876fa48fc0.jpg?1734862951,Crystal,386,0,SAM
Sweet Light,41777815,26,24,Spriggan,Chaos,2793,0,2e6808627bd2b8f0f5f0377d20cbbbc5_feaf0a2e88ff164813fbc9b85876fa48fc0.jpg?1734861037,Crystal,356,0,AST
Alice Kittimo,34781171,27,25,Cerberus,Chaos,2792,0,ec971a9e6eba1c32ecd2e88bec8f2c49_777c57311d510ca65dac3c1077dee435fc0.jpg?1734861550,Crystal,439,0,WHM
Ange Melrose,50267939,28,27,Omega,Chaos,2763,0,f2fb3057962bf3d28bcce976076f5368_39e25ac3d737c46452305eefe324372cfc0.jpg?1734862590,Crystal,473,8,RDM
White Noise',47747214,29,28,Raiden,Light,2738,0,3bf617bec1a403388f9c3c43700db590_a370664d98f658f4ed4e620f378f73cdfc0.jpg?1734863074,Crystal,378,9,NIN
Luca Natura,26126798,30,29,Omega,Chaos,2554,0,aee9a8f332f96a4c5a45923c0e82782a_39e25ac3d737c46452305eefe324372cfc0.jpg?1734861883,Crystal,420,0,GSM
Farnese Fellcleave,24419493,31,30,Cerberus,Chaos,2550,0,dcec016c4a6cd9a2bd3a2b73183f5a65_777c57311d510ca65dac3c1077dee435fc0.jpg?1734862922,Crystal,240,0,DRG
Graehl Melchkt,11491538,32,31,Odin,Light,2525,0,4ab8318aec9858b661ba769fb25bff39_644311b63b607133c989d7c1188467dafc0.jpg?1734860850,Crystal,217,0,RDM
Dragonlife Saijax,29449285,33,32,Moogle,Chaos,2381,0,3c08546d3793d12f77cc0b00d3a3af5b_d7a9d5f85a29d6278ec1c7adc2c8d242fc0.jpg?1734861197,Crystal,138,0,GNB
Strom Valentine,19009916,34,33,Cerberus,Chaos,2330,0,a8dc2ae24adfae999c388093e3e213e8_777c57311d510ca65dac3c1077dee435fc0.jpg?1734860128,Crystal,354,0,RDM
Crow Xo,44749262,35,39,Zodiark,Light,2281,101,54e5719ccbdb45c6de28f017b4365207_c274370774c6bc3483cc8740805f41bcfc0.jpg?1734863090,Crystal,125,1,DRG
Vai Zol,38270926,36,35,Odin,Light,2259,0,2e78b44195db83336b1acbe75927a864_644311b63b607133c989d7c1188467dafc0.jpg?1734860453,Crystal,292,0,RDM
Shia Sun,1754600,37,43,Odin,Light,2224,98,7550981ba488e5ebe919aa3cb39efbfa_644311b63b607133c989d7c1188467dafc0.jpg?1734860949,Crystal,246,5,GNB
Fiven Fiven,24996868,38,36,Lich,Light,2223,0,f574b4a1ff1aade4f34a98795138319b_7206469080400ed57a5373d0a9c55c59fc0.jpg?1734862416,Crystal,200,0,BTN
Blue Cat,47356852,39,37,Twintania,Light,2200,0,fc9492796dbee9f84ae010350ec7759c_c33f640c0cdd35f7def85b8aa31a0007fc0.jpg?1734862689,Crystal,193,0,MNK
Crowny Meowny,37433109,40,38,Phoenix,Light,2195,0,8e5f217a46c4812e4af1b52ebc419e75_5047bc596a4bab2dc7f7c120bb22dec5fc0.jpg?1734862487,Crystal,261,7,SCH
Lsi Lsi,47353875,41,40,Lich,Light,2178,0,792b3235fe2fbd35d956e856c210194f_7206469080400ed57a5373d0a9c55c59fc0.jpg?1734861055,Crystal,248,0,VPR
Maerwyn Ralhah,23419478,42,41,Omega,Chaos,2176,0,155ee87d6034e08f0261d59dff681c58_39e25ac3d737c46452305eefe324372cfc0.jpg?1734860438,Crystal,126,0,DRK
Tyr Neriak,19006698,43,42,Omega,Chaos,2136,0,efc48a1823652a4394af9af66ed7359d_39e25ac3d737c46452305eefe324372cfc0.jpg?1734863395,Crystal,251,0,UNK
Violin Solo,49452799,44,0,Louisoix,Chaos,2101,0,9fa3695a1636915772a5582f96fdaf59_0a122616f3718d3f45cab10fd8fc1604fc0.jpg?1734860672,Crystal,170,0,MNK
Misora Kaiatsa,25126040,45,0,Moogle,Chaos,2098,0,80fa199452585ab77d14128509576300_d7a9d5f85a29d6278ec1c7adc2c8d242fc0.jpg?1734862923,Crystal,153,0,PLD
Mahou Mahou,47196016,46,66,Odin,Light,2094,497,6e978054777e93d657aa58ae97d863a9_644311b63b607133c989d7c1188467dafc0.jpg?1734860515,Crystal,533,25,SAM
Resilla Frostflow,14658770,47,46,Cerberus,Chaos,2063,0,00a4e6250beb98b5644c87cffe8b7f4f_777c57311d510ca65dac3c1077dee435fc0.jpg?1734861515,Crystal,221,8,WHM
Taiya Li,41293767,48,47,Phoenix,Light,2061,0,7dc31b9a880ba3f36a3ef1208e0c5909_5047bc596a4bab2dc7f7c120bb22dec5fc0.jpg?1734862526,Crystal,78,0,BTN
Mei Ko,35150838,49,48,Louisoix,Chaos,2056,0,9e9f647c9095409b4ca77e89ca61322b_0a122616f3718d3f45cab10fd8fc1604fc0.jpg?1734862813,Crystal,579,21,WAR
Enrei Esthule,16223299,50,49,Cerberus,Chaos,2019,0,075328fa236ca776da32524ca8bd395c_777c57311d510ca65dac3c1077dee435fc0.jpg?1734863226,Crystal,232,0,BRD
Auelin Fae,18291844,51,50,Zodiark,Light,2016,0,2d6204db02c5efce86aca234fd6f1ce1_c274370774c6bc3483cc8740805f41bcfc0.jpg?1734861371,Crystal,152,0,RDM
Dalik Mathis,9537863,52,51,Ragnarok,Chaos,2009,0,fd4dde44208527cc20e58ba589d51f01_40d57ba713628f3f1ef5ef204b6d76d2fc0.jpg?1734862675,Crystal,192,0,GNB
Yamizura Kumozuma,19652230,53,52,Twintania,Light,1980,0,24bbc9cebf09eb83efcbc272c3085fd1_c33f640c0cdd35f7def85b8aa31a0007fc0.jpg?1734862670,Crystal,267,0,SCH
Hellfi Kyuten,29239534,54,53,Spriggan,Chaos,1955,0,d208716177266ccd139494605c8e27c1_feaf0a2e88ff164813fbc9b85876fa48fc0.jpg?1734861558,Crystal,210,0,CUL
Zot To,18725302,55,54,Cerberus,Chaos,1946,0,852c16bac4fe7f528a8653c65704e818_777c57311d510ca65dac3c1077dee435fc0.jpg?1734861351,Crystal,180,0,RDM
Yuumi Fish,25707217,56,55,Cerberus,Chaos,1932,0,1a7ebbda26c28eb61f262b9fb37e8c6e_777c57311d510ca65dac3c1077dee435fc0.jpg?1734861985,Crystal,280,0,DRK
Lex'ander Wayfarer,18009481,57,56,Odin,Light,1897,0,0adfa03fe11940a91e3b6a2ed08ddb88_644311b63b607133c989d7c1188467dafc0.jpg?1734863408,Crystal,199,0,NIN
Wwwwwwwwww Wwwwwwwwww,22934838,58,57,Odin,Light,1883,0,44b50a04ce7aed4e2c4699753f5b83bc_644311b63b607133c989d7c1188467dafc0.jpg?1734863418,Crystal,130,0,GNB
Doctor Zoidberg,9214410,59,58,Cerberus,Chaos,1790,0,40bc630c90e57d0ca265dd7fc809d5c8_777c57311d510ca65dac3c1077dee435fc0.jpg?1734860318,Crystal,130,0,WAR
Sice Seven,15008161,60,59,Moogle,Chaos,1782,0,23657ac0d29f4bc5667ef1e00cf528f8_d7a9d5f85a29d6278ec1c7adc2c8d242fc0.jpg?1734861351,Crystal,236,0,AST
Lylia Venis,13391767,61,63,Moogle,Chaos,1776,99,79af70239d663a69f312f0788f3cf927_d7a9d5f85a29d6278ec1c7adc2c8d242fc0.jpg?1734862095,Crystal,169,1,GSM
Misha Alora,23843770,62,60,Phoenix,Light,1697,0,64857f7d5089a3c4ec82c8ffc69a8d9b_5047bc596a4bab2dc7f7c120bb22dec5fc0.jpg?1734861160,Crystal,366,0,SMN
Tako Yaki,27361125,63,68,Ragnarok,Chaos,1690,100,120e9d58db5e4ddf553f00f6f3560dec_40d57ba713628f3f1ef5ef204b6d76d2fc0.jpg?1734862732,Crystal,198,1,GNB
Kyouko Owo,25629243,64,61,Louisoix,Chaos,1688,0,4fbeb17208a00397ad05eebfc2d20d2f_0a122616f3718d3f45cab10fd8fc1604fc0.jpg?1734863330,Crystal,124,0,WHM
Audacity Rai,674972,65,62,Phoenix,Light,1687,0,ed1d32986bba6bfd6f77fe50045cc8d3_5047bc596a4bab2dc7f7c120bb22dec5fc0.jpg?1734862689,Crystal,118,0,RDM
Void Stellarvore,28691685,66,64,Raiden,Light,1627,0,79b02048d874bdc774a96223c423d519_a370664d98f658f4ed4e620f378f73cdfc0.jpg?1734862810,Crystal,641,12,DRG
Arthas Copiumil,41965960,67,65,Spriggan,Chaos,1602,0,4a77afeb7c738e1dc1a5b8f46e01a0a8_feaf0a2e88ff164813fbc9b85876fa48fc0.jpg?1734862895,Crystal,234,3,AST
Thearesia Astrea,25550409,68,67,Cerberus,Chaos,1594,0,fee57d6d6ad12f8ff755a528a68827bb_777c57311d510ca65dac3c1077dee435fc0.jpg?1734860947,Crystal,221,0,ALC
Kaido Joestar,30360817,69,0,Phantom,Chaos,1534,0,0b2c2c50e354a9b7aad5f6356e205149_f0a43d6e5eea19af337a176e9836acddfc0.jpg?1734860216,Crystal,177,0,WAR
Kenz-d Shadow,41456801,70,0,Louisoix,Chaos,1516,0,18a8d4af69a155b89efbc2266506a11f_0a122616f3718d3f45cab10fd8fc1604fc0.jpg?1734861023,Crystal,201,0,SAM
Isca Mog,32212471,71,0,Zodiark,Light,1502,0,e47f3ccc4bd8599193929766ab0abd2c_c274370774c6bc3483cc8740805f41bcfc0.jpg?1734862976,Crystal,327,0,AST
Ylang Mint,55505044,72,0,Twintania,Light,1496,0,0c7289fa670095210fbd9f0e0545ba6e_c33f640c0cdd35f7def85b8aa31a0007fc0.jpg?1734861762,Crystal,200,0,UNK
Neclord Drakan,34358772,73,0,Phoenix,Light,1492,0,7e002012c8fc4f9e493cd5879573e088_5047bc596a4bab2dc7f7c120bb22dec5fc0.jpg?1734863237,Crystal,217,0,RPR
Sigil Cygnaeus,7527346,74,0,Ragnarok,Chaos,1491,0,53c37a35e4213448a6b3fbbb6ceddb5d_40d57ba713628f3f1ef5ef204b6d76d2fc0.jpg?1734863569,Crystal,147,0,UNK
Serenity Wineko,10992965,75,0,Cerberus,Chaos,1490,0,a1bf2e73c18693c96afad78c8e70473b_777c57311d510ca65dac3c1077dee435fc0.jpg?1734861037,Crystal,288,9,SMN
Sheidyn Windsor,30282791,76,0,Omega,Chaos,1444,0,e3eaa192d0e2b6192580f940474cd0b5_39e25ac3d737c46452305eefe324372cfc0.jpg?1734863068,Crystal,563,1,MCH
Jun Moxiao,40533777,77,0,Odin,Light,1427,0,9f41b7adf0a59849ae35b17cdace2b32_644311b63b607133c989d7c1188467dafc0.jpg?1734860550,Crystal,483,13,GNB
Decah Elakha,20203613,78,0,Zodiark,Light,1427,0,70703ca6e196ea40596e5d686a6968b9_c274370774c6bc3483cc8740805f41bcfc0.jpg?1734860213,Crystal,77,0,RDM
Ixii Koroishii,42300110,79,0,Twintania,Light,1403,0,63f26a3424a67a5831229da9ae1e74e9_c33f640c0cdd35f7def85b8aa31a0007fc0.jpg?1734860292,Crystal,143,0,WHM
Xiex Xie,40733160,80,0,Zodiark,Light,1402,0,f253e0943a65dac103a6dfd764a01f52_c274370774c6bc3483cc8740805f41bcfc0.jpg?1734862821,Crystal,366,0,MNK
Tarutella Goldfish,4235488,81,0,Sagittarius,Chaos,1392,0,f269741c27ca22c02db955557e7283fa_44ca0844398b2d010d8cd4a31ddb023dfc0.jpg?1734863029,Crystal,291,11,SCH
Urielle Sushou,15056461,82,0,Zodiark,Light,1327,0,b99f9ac7292037625905448873779617_c274370774c6bc3483cc8740805f41bcfc0.jpg?1734862431,Crystal,386,0,DRK
White Flow,27405246,83,0,Shiva,Light,1323,2,fb627f70a20185a985e94a697da7baa5_3fbff0e6b620e4d259dc427abc6574dafc0.jpg?1734862305,Crystal,146,3,SMN
Elyndra Mayhn,27143285,84,0,Twintania,Light,1317,0,e4b30c11c8c987996e50ee4c5899c037_c33f640c0cdd35f7def85b8aa31a0007fc0.jpg?1734863027,Crystal,179,0,RPR
Yuharam Chimu,2627067,85,0,Phoenix,Light,1306,0,243c50fcabc6bd9ac7547ddb8a31c39a_5047bc596a4bab2dc7f7c120bb22dec5fc0.jpg?1734862352,Crystal,214,0,SMN
Hikaru Shinomiya,16944405,86,0,Shiva,Light,1301,0,072b06b66b4d1130458b394eb42e6cf5_3fbff0e6b620e4d259dc427abc6574dafc0.jpg?1734860306,Crystal,198,0,UNK
Sebruz Lunefeu,43940627,87,0,Phoenix,Light,1298,0,c88d7d2e68c0d2714528ff7536825940_5047bc596a4bab2dc7f7c120bb22dec5fc0.jpg?1734860372,Crystal,191,0,RDM
Nicco Sushi,42846008,88,0,Alpha,Light,1293,0,ffcb0ee6f92ba9224ade0ee2b0e9917b_6132295fcf5570fb8b0a944ef322a598fc0.jpg?1734863373,Crystal,164,1,GNB
Xanthe Hati,28239197,89,0,Sagittarius,Chaos,1285,0,9bf816bfcd7f963908af59458b5500c9_44ca0844398b2d010d8cd4a31ddb023dfc0.jpg?1734862267,Crystal,136,0,MCH
Nekorai Kroen,37567865,90,0,Omega,Chaos,1231,0,23380faef42aa5dfcb19780d95f7c2a7_39e25ac3d737c46452305eefe324372cfc0.jpg?1734863471,Crystal,154,0,SAM
Neo Baka,38597003,91,0,Alpha,Light,1224,0,0f9cb5aa64102380c9bd9028cd78b8d1_6132295fcf5570fb8b0a944ef322a598fc0.jpg?1734862214,Crystal,235,0,SCH
Bureda Ghodhand,34830019,92,0,Phoenix,Light,1223,0,427e0de51bc04bbfa6b0735a822b88dc_5047bc596a4bab2dc7f7c120bb22dec5fc0.jpg?1734863488,Crystal,296,0,NIN
Gella Zenhat,16553524,93,0,Cerberus,Chaos,1206,0,34542c2a2fe5b9a690d00a5565e15c1b_777c57311d510ca65dac3c1077dee435fc0.jpg?1734862284,Crystal,412,0,WHM
Double Baconator,55725225,94,0,Spriggan,Chaos,1203,0,f77d3768cba59c1d5f30c969f5098ff6_feaf0a2e88ff164813fbc9b85876fa48fc0.jpg?1734862883,Crystal,160,0,NIN
Cc Cc,47977389,95,0,Cerberus,Chaos,1199,0,9fbc466984f0e36627e12a17c2bddb14_777c57311d510ca65dac3c1077dee435fc0.jpg?1734862355,Crystal,107,0,RPR
Ya-yeet Pantsemoji,32273093,96,0,Sagittarius,Chaos,1197,0,a3a82bebe0fabe2b1127b0b23258aa99_44ca0844398b2d010d8cd4a31ddb023dfc0.jpg?1734860723,Crystal,117,0,MNK
Evrae Natus,9393705,97,0,Ragnarok,Chaos,1195,0,4f18bfa3cef81b6a2ebb59e0b551f373_40d57ba713628f3f1ef5ef204b6d76d2fc0.jpg?1734863412,Crystal,119,0,BRD
Mats Luxed,49298312,98,0,Twintania,Light,1190,0,49d69cf144ce4db20c15533a9a916542_c33f640c0cdd35f7def85b8aa31a0007fc0.jpg?1734863650,Crystal,104,0,UNK
Tsuguri Tempest,8093380,99,0,Cerberus,Chaos,1122,0,673dd69d52b7f7c210bb231091fd1922_777c57311d510ca65dac3c1077dee435fc0.jpg?1734861580,Crystal,124,0,SAM
Sin Mirrorslave,43994621,100,0,Raiden,Light,1115,0,3f8e3345c252d3f9b50e27c481f91100_a370664d98f658f4ed4e620f378f73cdfc0.jpg?1734861665,Crystal,170,1,UNK
Adya Sato,10026278,101,0,Odin,Light,1104,0,d072994a22af88090aecf6e5a3b85c36_644311b63b607133c989d7c1188467dafc0.jpg?1734860349,Crystal,346,12,WAR
Queenie Skyfrost,34868775,102,105,Odin,Light,1098,89,4c0182a4bd02a557a3e29b795c1e0b9c_644311b63b607133c989d7c1188467dafc0.jpg?1734861635,Crystal,185,11,DNC
Vyra Karbon,36843257,103,104,Alpha,Light,1096,83,6c4b3531dd9b5bcc35233751f0ec4efb_6132295fcf5570fb8b0a944ef322a598fc0.jpg?1734862300,Crystal,134,3,SCH
Aris Oz,41983172,104,102,Zodiark,Light,1092,0,abbd4cf51609bf59977c5b4850c4c351_c274370774c6bc3483cc8740805f41bcfc0.jpg?1734862292,Crystal,132,0,WAR
Lure Ll,55749452,105,103,Louisoix,Chaos,1064,0,76301081dc788f1a52938eef4141d892_0a122616f3718d3f45cab10fd8fc1604fc0.jpg?1734863116,Crystal,234,6,SAM
M'iruku Tee,32029109,106,0,Phoenix,Light,1003,0,58ef72cca09121cb147c80a82dba8e85_5047bc596a4bab2dc7f7c120bb22dec5fc0.jpg?1734860442,Crystal,175,0,DRK
Sophia Ariadne,11431073,107,0,Odin,Light,1002,0,f4329ddf82a418a6e12f1ba978bc1523_644311b63b607133c989d7c1188467dafc0.jpg?1734863240,Crystal,410,11,WHM
Yu Re,55455160,108,0,Ragnarok,Chaos,998,0,34abe901e9385a3602699b2920b75cc0_40d57ba713628f3f1ef5ef204b6d76d2fc0.jpg?1734862875,Crystal,208,0,UNK
Tony Hawkins,33635399,109,0,Spriggan,Chaos,991,0,9d8b7f5d2f659896af38939feac2eec2_feaf0a2e88ff164813fbc9b85876fa48fc0.jpg?1734862132,Crystal,270,0,WAR
Aya Ayane,41570933,110,0,Sagittarius,Chaos,988,0,987c1389de1f2b6552a2407735702553_44ca0844398b2d010d8cd4a31ddb023dfc0.jpg?1734862888,Crystal,199,0,MIN
Feri De,32873333,111,0,Twintania,Light,960,0,04fae792c920333e5bdc3287c0df72e4_c33f640c0cdd35f7def85b8aa31a0007fc0.jpg?1734862812,Crystal,461,10,UNK
Unseen Emomo,31184892,112,0,Ragnarok,Chaos,938,0,bdfe6d293950344743459b6b23589d86_40d57ba713628f3f1ef5ef204b6d76d2fc0.jpg?1734862126,Crystal,208,0,FSH
Marci Sidekick,41408431,113,0,Zodiark,Light,908,0,a9c3b41a05dec1fd191fe80f38009aa5_c274370774c6bc3483cc8740805f41bcfc0.jpg?1734863121,Crystal,174,0,RPR
Brian Ricardo,19883847,114,0,Ragnarok,Chaos,907,0,37b0c97cd1ddc0f966d9e223e20f4f7b_40d57ba713628f3f1ef5ef204b6d76d2fc0.jpg?1734862593,Crystal,174,0,SCH
Kieran Asher,16431581,115,0,Omega,Chaos,905,0,fcab614cf4928ce713520fa9f9738827_39e25ac3d737c46452305eefe324372cfc0.jpg?1734861017,Crystal,211,0,WHM
Sakuya Ko-no-hana,18012296,116,0,Ragnarok,Chaos,897,0,9e4589969b1a1fe5c6e76d0e5cf7f084_40d57ba713628f3f1ef5ef204b6d76d2fc0.jpg?1734862991,Crystal,173,4,SAM
Yogurt Soju,25279630,117,0,Omega,Chaos,891,0,0358effa462f8e0e61f349e2588f3863_39e25ac3d737c46452305eefe324372cfc0.jpg?1734862865,Crystal,459,0,NIN
Zanaki Shimoku,13934933,118,0,Odin,Light,891,0,8b858b5f040e0a16fb17c23034d051e4_644311b63b607133c989d7c1188467dafc0.jpg?1734863491,Crystal,222,0,BRD
Sora Hayden,21403680,119,0,Omega,Chaos,873,0,5e754aca7bfd34194559207b135c1857_39e25ac3d737c46452305eefe324372cfc0.jpg?1734861282,Crystal,198,0,VPR
Cecile'to Lowell,24470459,120,0,Lich,Light,870,0,3510101958e799fc71c4e41ab3ba2b75_7206469080400ed57a5373d0a9c55c59fc0.jpg?1734861718,Crystal,125,3,NIN
Luxeria Rose,8153619,121,148,Shiva,Light,818,295,7de2eb901a56646d173e7627b39a020a_3fbff0e6b620e4d259dc427abc6574dafc0.jpg?1734862774,Crystal,111,12,WHM
Elafi Nebris,2813554,122,121,Cerberus,Chaos,815,0,279c67bdef0aed0af0689ceacb3ea0aa_777c57311d510ca65dac3c1077dee435fc0.jpg?1734863008,Crystal,149,0,SAM
Marain Kousaka,12028721,123,122,Omega,Chaos,806,0,8eb57b43eb58ce6e50b90ee79ccb7cd7_39e25ac3d737c46452305eefe324372cfc0.jpg?1734861727,Crystal,130,3,RDM
Happo Sama,37637493,124,123,Odin,Light,797,0,bb9dc4c16e6c26445246a211431b7150_644311b63b607133c989d7c1188467dafc0.jpg?1734861826,Crystal,71,0,VPR
Goemon Da-scarred,51082512,125,124,Sagittarius,Chaos,787,0,0babb17eaeeb3c5d8fab3b044bcc075b_44ca0844398b2d010d8cd4a31ddb023dfc0.jpg?1734862305,Crystal,89,0,SMN
Tanha Kawasaki,36160852,126,125,Twintania,Light,784,0,18d738cb55dc821b1a7e06af7dddc158_c33f640c0cdd35f7def85b8aa31a0007fc0.jpg?1734863027,Crystal,149,0,RDM
Umbri Viriditia,40992862,127,126,Spriggan,Chaos,778,0,de58a0cffe8af14d82bfdfac21e6f972_feaf0a2e88ff164813fbc9b85876fa48fc0.jpg?1734862400,Crystal,324,0,UNK
Savi Zizo,36020595,128,127,Phoenix,Light,728,0,654a4334b8f77ad31212ae883d8c8df4_5047bc596a4bab2dc7f7c120bb22dec5fc0.jpg?1734861517,Crystal,481,7,MCH
Xaele In'suen,12452053,129,128,Odin,Light,717,0,1f4341821ff9406c524602d2503fa38e_644311b63b607133c989d7c1188467dafc0.jpg?1734861008,Crystal,117,0,BRD
Edge Scentia,16462142,130,129,Ragnarok,Chaos,710,0,44bb401a464449519a112872dee65849_40d57ba713628f3f1ef5ef204b6d76d2fc0.jpg?1734860522,Crystal,172,0,GNB
Ten Gil,17217146,131,130,Louisoix,Chaos,706,0,884fcae1e61228d09798c630a2c827fb_0a122616f3718d3f45cab10fd8fc1604fc0.jpg?1734860232,Crystal,145,0,DRK
Liu Feng,23771513,132,131,Louisoix,Chaos,698,0,3891355d6d56bf7c70df96eb2a2988cf_0a122616f3718d3f45cab10fd8fc1604fc0.jpg?1734863568,Crystal,201,0,BLM
Altrios Alrun,37280856,133,132,Odin,Light,698,0,eed006603ff3859a7471671dcb9c221c_644311b63b607133c989d7c1188467dafc0.jpg?1734860137,Crystal,94,0,GNB
Kaede Yumishi,54070516,134,133,Raiden,Light,697,0,5d811f127e0fbf2c1fe988e910219758_a370664d98f658f4ed4e620f378f73cdfc0.jpg?1734861984,Crystal,82,0,UNK
Villie Purrffy,45327862,135,134,Phantom,Chaos,689,0,5c814daea3157ac6ef706ea84fecbf7c_f0a43d6e5eea19af337a176e9836acddfc0.jpg?1734861634,Crystal,258,0,BLM
Lunari Lanuri,33633609,136,135,Shiva,Light,682,0,90177716c875e149b8eb2cec5dc33b2d_3fbff0e6b620e4d259dc427abc6574dafc0.jpg?1734860848,Crystal,109,0,PCT
Lolzers Lahee,37304642,137,136,Louisoix,Chaos,619,0,cc014e36100a5b8b23d158db20a1dcf3_0a122616f3718d3f45cab10fd8fc1604fc0.jpg?1734860340,Crystal,115,0,BRD
Aleina Kaslana,26874974,138,137,Twintania,Light,609,0,184dfabc7913df837144b293fe9405c4_c33f640c0cdd35f7def85b8aa31a0007fc0.jpg?1734863542,Crystal,213,0,WHM
Nadi Den'war,11596438,139,138,Omega,Chaos,608,0,c3cfce655d210d985fcceab08207bf44_39e25ac3d737c46452305eefe324372cfc0.jpg?1734861854,Crystal,386,0,MCH
Irmele Elandris,13301011,140,139,Odin,Light,603,0,545d79c172c687ee4ac495ceca89d9dd_644311b63b607133c989d7c1188467dafc0.jpg?1734862937,Crystal,119,0,WHM
Ludwig Frey,52936201,141,140,Cerberus,Chaos,599,0,0f050f2f7407f3bc24d3ba065df5ab4e_777c57311d510ca65dac3c1077dee435fc0.jpg?1734862390,Crystal,129,0,PLD
Sage Eien,31985663,142,141,Zodiark,Light,598,0,78b18dc9ddf854ac3ed5c8fec503f8c6_c274370774c6bc3483cc8740805f41bcfc0.jpg?1734863655,Crystal,172,0,RDM
Aqua Rain,14327635,143,142,Ragnarok,Chaos,597,0,a5248122d138e10239125c4a10b8948c_40d57ba713628f3f1ef5ef204b6d76d2fc0.jpg?1734862026,Crystal,127,0,SCH
Ayata Miyabi,20861679,144,143,Louisoix,Chaos,595,0,5b26312fcf95dd3660fa779f2ed897f3_0a122616f3718d3f45cab10fd8fc1604fc0.jpg?1734863496,Crystal,109,0,WAR
Cat Wife,21099767,145,144,Zodiark,Light,594,0,76d1664265ae631c957cfab6c72cfba9_c274370774c6bc3483cc8740805f41bcfc0.jpg?1734863326,Crystal,46,0,RDM
Surpass Limit,37588337,146,145,Zodiark,Light,593,0,bae2e4bedb6ef90699fae18fe7ed5b14_c274370774c6bc3483cc8740805f41bcfc0.jpg?1734862015,Crystal,232,0,GSM
Sadie Sassafras,14778749,147,146,Lich,Light,592,0,067a291ba323a1fed7e6db536d0498ad_7206469080400ed57a5373d0a9c55c59fc0.jpg?1734862214,Crystal,227,0,PLD
Madeleine Ackerman,30260757,148,147,Omega,Chaos,587,0,8bfd7f28255477d1615f884c836747b2_39e25ac3d737c46452305eefe324372cfc0.jpg?1734862532,Crystal,182,0,FSH
Wieg Wiggles,35061622,149,0,Lich,Light,520,0,61256a3e6c4f0c3dcc05469f5550d102_7206469080400ed57a5373d0a9c55c59fc0.jpg?1734860599,Crystal,222,9,RPR
Luna Insidiosa,25837428,150,0,Lich,Light,504,0,f9bd8dac7fce1eed6efbdcd5302cbe5c_7206469080400ed57a5373d0a9c55c59fc0.jpg?1734860444,Crystal,59,0,RPR
Sotek Scherwil,486374,151,168,Twintania,Light,503,100,c881840c18d6c9fc415801f5f8240174_c33f640c0cdd35f7def85b8aa31a0007fc0.jpg?1734862770,Crystal,343,5,RDM
Death Fury,9386074,152,151,Ragnarok,Chaos,503,0,f334633b7adb1af69b68d26c3dc12e81_40d57ba713628f3f1ef5ef204b6d76d2fc0.jpg?1734862526,Crystal,94,0,WHM
Snigluf Hoshiyomi,22655676,153,152,Phoenix,Light,502,0,e4eb7e4ba1df42d8b06c4c9d66ea2bb3_5047bc596a4bab2dc7f7c120bb22dec5fc0.jpg?1734862884,Crystal,74,0,UNK
Joseph Wolfkin,43539371,154,153,Louisoix,Chaos,501,0,876d621c3956d460073370e3e1bf95ab_0a122616f3718d3f45cab10fd8fc1604fc0.jpg?1734860490,Crystal,209,0,SAM
Xylia Lyn,2825468,155,154,Moogle,Chaos,499,0,997eb452311a22f85956694216c8c0f8_d7a9d5f85a29d6278ec1c7adc2c8d242fc0.jpg?1734861561,Crystal,282,0,WHM
Siera Shichi,25461822,156,155,Phoenix,Light,498,0,c9604ac5ea116c8a206ec6f505462052_5047bc596a4bab2dc7f7c120bb22dec5fc0.jpg?1734860782,Crystal,106,0,PLD
Kiss Lips,44543603,157,156,Phantom,Chaos,497,0,1a283e4ef1314e4af955db9fcc8300a8_f0a43d6e5eea19af337a176e9836acddfc0.jpg?1734860217,Crystal,158,0,UNK
Red Fluffy,41965323,158,157,Spriggan,Chaos,497,0,6e4c702e77f55eff42d4c42a07f242db_feaf0a2e88ff164813fbc9b85876fa48fc0.jpg?1734861792,Crystal,107,0,DRK
Mydia Melhyrfear,30529212,159,158,Lich,Light,495,0,97bcf6c2d9ddfff4c320e2b72ea509a6_7206469080400ed57a5373d0a9c55c59fc0.jpg?1734863147,Crystal,115,0,PLD
Snow Wishzz,8043778,160,159,Cerberus,Chaos,495,0,e964018fc04a5d599aaff395d6f7d33d_777c57311d510ca65dac3c1077dee435fc0.jpg?1734863493,Crystal,99,0,MCH
Kimbi Aoe,24693270,161,160,Shiva,Light,494,0,67e0ddfb70faf5725a971d086cfdce61_3fbff0e6b620e4d259dc427abc6574dafc0.jpg?1734861301,Crystal,116,0,RDM
Ovan Armor,21476660,162,161,Ragnarok,Chaos,492,0,dadd1004951e6b33de2be205a18bb3cc_40d57ba713628f3f1ef5ef204b6d76d2fc0.jpg?1734862579,Crystal,118,0,AST
Nimui Moonmoon,32082532,163,162,Zodiark,Light,490,0,a6776c984edc3822827a0f3afed86b18_c274370774c6bc3483cc8740805f41bcfc0.jpg?1734860208,Crystal,156,0,BRD
Momoi Moi,20051881,164,163,Omega,Chaos,490,0,20be078e00d5ea11c20d62bd394d3af0_39e25ac3d737c46452305eefe324372cfc0.jpg?1734863657,Crystal,64,0,SAM
Chrom Dokuro,33707967,165,164,Spriggan,Chaos,420,0,3fbdebe4771955f4f406ea79fda60e25_feaf0a2e88ff164813fbc9b85876fa48fc0.jpg?1734861416,Crystal,154,0,SAM
Lucien Balmain,6073836,166,165,Odin,Light,408,0,4900b0f1b53daac97a27c0158090a734_644311b63b607133c989d7c1188467dafc0.jpg?1734862517,Crystal,123,0,WHM
Ash Primordial,2364892,167,166,Phoenix,Light,407,0,3f574bba361b6ccd24372ced0a6ea3ff_5047bc596a4bab2dc7f7c120bb22dec5fc0.jpg?1734862289,Crystal,225,0,PLD
Vellen Grydja,3231568,168,167,Cerberus,Chaos,405,0,7f3b65fc0e1aeb3ffc9bd04df160cce5_777c57311d510ca65dac3c1077dee435fc0.jpg?1734861646,Crystal,73,0,MCH
Eaudent Glinair,36803615,169,0,Phoenix,Light,403,0,66e4c705d00a3874c51b458a41146f4c_5047bc596a4bab2dc7f7c120bb22dec5fc0.jpg?1734862844,Crystal,222,0,BRD
Riseon Misha,26343965,170,0,Zodiark,Light,402,0,d883dcfcee6650b3e6e1691bf6838f6c_c274370774c6bc3483cc8740805f41bcfc0.jpg?1734860695,Crystal,263,0,DRK
Vlythra Moonshadow,2373655,171,0,Odin,Light,402,0,0c47b2ec22bccabe352f814ee9e216ed_644311b63b607133c989d7c1188467dafc0.jpg?1734863258,Crystal,67,0,NIN
Kaixer Almasy,24721919,172,0,Ragnarok,Chaos,401,0,16b404151182dfe17ac302129a023750_40d57ba713628f3f1ef5ef204b6d76d2fc0.jpg?1734860227,Crystal,307,5,UNK
Mara Uderin,55508947,173,0,Alpha,Light,401,0,e6baf038b4b176c044ea2d5d11162d7a_6132295fcf5570fb8b0a944ef322a598fc0.jpg?1734862747,Crystal,140,0,VPR
Argenta Heartsong,28380959,174,0,Twintania,Light,401,0,ce7d676b0f65dba44913785a8cff5132_c33f640c0cdd35f7def85b8aa31a0007fc0.jpg?1734862717,Crystal,137,0,NIN
Katsumi Seikatsu,22390699,175,194,Cerberus,Chaos,401,101,6d28bab002e7518fa4a7d1d2056acc43_777c57311d510ca65dac3c1077dee435fc0.jpg?1734861012,Crystal,88,1,PCT
Revenna Wynter,36385974,176,175,Odin,Light,400,0,17e80ad4b8bab32803037b85a43ba7ab_644311b63b607133c989d7c1188467dafc0.jpg?1734861864,Crystal,107,0,SAM
Creamy Succubus,36293366,177,230,Spriggan,Chaos,397,199,15e9207c6ceb24b3818eabab978be8f3_feaf0a2e88ff164813fbc9b85876fa48fc0.jpg?1734860589,Crystal,212,2,VPR
Schizoe Maximus,39232607,178,176,Spriggan,Chaos,396,0,5f6c25c261acac73d05bb11ea4fe0e96_feaf0a2e88ff164813fbc9b85876fa48fc0.jpg?1734861961,Crystal,191,0,SAM
Parfum Fraise,36431334,179,177,Sagittarius,Chaos,396,0,79e562b5e0002218f1cc4c3c1f0945b2_44ca0844398b2d010d8cd4a31ddb023dfc0.jpg?1734863356,Crystal,142,0,MNK
Ul Unhu,9592278,180,178,Phoenix,Light,393,0,d703e404c81140848dbcd200abc4ef7e_5047bc596a4bab2dc7f7c120bb22dec5fc0.jpg?1734862183,Crystal,108,0,BRD
Tali Corvus,39481421,181,179,Cerberus,Chaos,393,0,e5d40545d25c5cdb2fec15a111ec158a_777c57311d510ca65dac3c1077dee435fc0.jpg?1734863402,Crystal,85,0,BLM
Sora Hinami,21711940,182,180,Omega,Chaos,391,0,47447d549d39f79f10d19e10d0c7cfa3_39e25ac3d737c46452305eefe324372cfc0.jpg?1734862211,Crystal,134,0,GNB
Nemco Ki,11027933,183,181,Cerberus,Chaos,309,0,dd4e5123f95c3f9032a91869561f932a_777c57311d510ca65dac3c1077dee435fc0.jpg?1734861115,Crystal,195,0,DRK
Selin Naari,16360751,184,182,Cerberus,Chaos,305,0,fb2c3681e2cb33bdcd7894d5aad0b9ec_777c57311d510ca65dac3c1077dee435fc0.jpg?1734862323,Crystal,304,0,DRG
Lolorei Lalarei,3686155,185,183,Omega,Chaos,305,0,da6ff12e4effc4cbacfe1b954f1c3bf5_39e25ac3d737c46452305eefe324372cfc0.jpg?1734862672,Crystal,157,0,WVR
Sune Dakwhil,12728791,186,184,Twintania,Light,304,0,4760f9b45bd6f71f83adbd97ab87eae3_c33f640c0cdd35f7def85b8aa31a0007fc0.jpg?1734860318,Crystal,307,0,MCH
Kon Kichi,16494284,187,185,Ragnarok,Chaos,303,0,b0ad4e12ebd59b687aaf37b61426811e_40d57ba713628f3f1ef5ef204b6d76d2fc0.jpg?1734863432,Crystal,245,8,PLD
Flicker Goon,51508003,188,186,Zodiark,Light,303,0,15a666f8d7bb67401300fae763ce4d32_c274370774c6bc3483cc8740805f41bcfc0.jpg?1734861917,Crystal,116,0,SAM
Yato Masamune,21547705,189,187,Louisoix,Chaos,302,0,26a9a89f1d279bcfb94b245cbdae1e00_0a122616f3718d3f45cab10fd8fc1604fc0.jpg?1734863498,Crystal,136,0,PLD
Ceol Shife,39369917,190,0,Ragnarok,Chaos,302,302,4598a5e940fd3a226e6857a004ccf5d1_40d57ba713628f3f1ef5ef204b6d76d2fc0.jpg?1734863218,Crystal,45,6,WAR
Akari Xion,41509497,191,188,Raiden,Light,301,0,a7c7700f081381ea6daa8b98f94f6155_a370664d98f658f4ed4e620f378f73cdfc0.jpg?1734860296,Crystal,160,0,RDM
Rei Morow,28187368,192,189,Raiden,Light,301,0,3f9c2b5b08b9fdb4c7d188d33979cea6_a370664d98f658f4ed4e620f378f73cdfc0.jpg?1734863227,Crystal,144,0,WHM
Veera Vermillion,36611700,193,190,Odin,Light,301,0,21c224545e3d3af775a3d377c8e444bf_644311b63b607133c989d7c1188467dafc0.jpg?1734861697,Crystal,101,0,PCT
Ale Balle,48196874,194,191,Lich,Light,301,0,c91002c6ea2d8c7d05a256aed3a7dee7_7206469080400ed57a5373d0a9c55c59fc0.jpg?1734863479,Crystal,55,0,RDM
Olle Nuclearheart,52298528,195,192,Cerberus,Chaos,300,0,e7415f54a2988d488919e3b92e8245a1_777c57311d510ca65dac3c1077dee435fc0.jpg?1734862467,Crystal,279,5,RDM
Cerya Loxeria,15415659,196,193,Cerberus,Chaos,300,0,dd03bf32693f741c0794dd001bbcda42_777c57311d510ca65dac3c1077dee435fc0.jpg?1734860928,Crystal,145,0,MNK
Tay Talenath,45740169,197,195,Raiden,Light,298,0,b2fa0c7222f7e3ebe117f24a200e11d8_a370664d98f658f4ed4e620f378f73cdfc0.jpg?1734860769,Crystal,393,8,SCH
Thalia Meow,41267879,198,196,Louisoix,Chaos,298,0,4e92b01413c32cd46ae8e840cbfea083_0a122616f3718d3f45cab10fd8fc1604fc0.jpg?1734862283,Crystal,189,0,DRK
Drakuss Dex,2182087,199,197,Ragnarok,Chaos,298,0,542991d58d646fc21e61dda243da88e1_40d57ba713628f3f1ef5ef204b6d76d2fc0.jpg?1734861512,Crystal,181,0,RPR
Katsuki Shikiyoku,3282170,200,198,Cerberus,Chaos,298,0,e47f9079266f637b44bac9801cc15e4c_777c57311d510ca65dac3c1077dee435fc0.jpg?1734860597,Crystal,118,0,RPR
Evsya Silverveil,37842451,201,199,Phantom,Chaos,298,0,1ec07dd247ca136af828b86e695900b3_f0a43d6e5eea19af337a176e9836acddfc0.jpg?1734861596,Crystal,88,0,WHM
Queen Decim,14223078,202,200,Ragnarok,Chaos,297,0,48c57c376d4c7f869c8071758ba8e676_40d57ba713628f3f1ef5ef204b6d76d2fc0.jpg?1734861180,Crystal,279,0,NIN
Delzor Waka,40194085,203,201,Odin,Light,297,0,bde30c4caff355f65cf9761727b12725_644311b63b607133c989d7c1188467dafc0.jpg?1734861868,Crystal,165,0,VPR
Holos Ymir,35299241,204,202,Cerberus,Chaos,296,0,f8029ed36fad032333305dfa455cddec_777c57311d510ca65dac3c1077dee435fc0.jpg?1734863497,Crystal,154,0,BRD
Eirie Semreh,35730883,205,203,Phantom,Chaos,296,0,37968b7968327b583f23e52d999337f9_f0a43d6e5eea19af337a176e9836acddfc0.jpg?1734863262,Crystal,102,0,AST
Caley Maw,26601888,206,204,Alpha,Light,295,0,400741769e46e2bd03f3158c6239df14_6132295fcf5570fb8b0a944ef322a598fc0.jpg?1734862775,Crystal,215,0,VPR
Leto'' Atreides,42088518,207,205,Twintania,Light,295,0,7f2bf5b9124fb44dbe0db5bdec87e2f7_c33f640c0cdd35f7def85b8aa31a0007fc0.jpg?1734861244,Crystal,191,0,DRK
Shade Within,31445109,208,206,Phoenix,Light,293,0,d49f131bd9ca6cecb681a8587975e54d_5047bc596a4bab2dc7f7c120bb22dec5fc0.jpg?1734861397,Crystal,82,0,NIN
Sir Zeding,25636020,209,207,Louisoix,Chaos,208,0,152a8080b6f49fabcaf2969776e44d66_0a122616f3718d3f45cab10fd8fc1604fc0.jpg?1734863347,Crystal,140,0,PCT
Vrastithgar Sebesch,39366624,210,208,Moogle,Chaos,206,0,12950f1a9464f531dc5e8f36b1c082f7_d7a9d5f85a29d6278ec1c7adc2c8d242fc0.jpg?1734862590,Crystal,153,0,GNB
Neo Xll,44955027,211,209,Alpha,Light,205,0,84637da1f319b1f9a78087fe6364bc4d_6132295fcf5570fb8b0a944ef322a598fc0.jpg?1734863296,Crystal,97,6,SCH
Glyceri Chosuti,30338174,212,210,Moogle,Chaos,204,0,6d93c9241424e92e6f0351d35d8b6eaa_d7a9d5f85a29d6278ec1c7adc2c8d242fc0.jpg?1734861087,Crystal,307,0,SGE
Rana Banana,505901,213,211,Ragnarok,Chaos,202,0,a292a50c2e7da8e7d769c71c38b3ceea_40d57ba713628f3f1ef5ef204b6d76d2fc0.jpg?1734860437,Crystal,207,0,WAR
Lia Lothje,30611623,214,212,Odin,Light,202,0,12f34ee0f0d0404c9b47a7fea301f068_644311b63b607133c989d7c1188467dafc0.jpg?1734863621,Crystal,139,0,ALC
Dune'a Echa,18874167,215,213,Raiden,Light,202,0,11846587e71e79d6908ce9c5216a37b0_a370664d98f658f4ed4e620f378f73cdfc0.jpg?1734863033,Crystal,102,0,SCH
Tie Jai,37372216,216,214,Spriggan,Chaos,201,0,86788f29e7343af9b7142d3f6d6695f0_feaf0a2e88ff164813fbc9b85876fa48fc0.jpg?1734862707,Crystal,110,0,RDM
Lunaelumen Heartless,3344766,217,215,Phoenix,Light,201,0,442c49c53db78614043ce10aa9733411_5047bc596a4bab2dc7f7c120bb22dec5fc0.jpg?1734861569,Crystal,85,0,RPR
Ghost Boy,7800006,218,216,Ragnarok,Chaos,201,0,70fab9a82adc34bc1b7a5b5b48d334c0_40d57ba713628f3f1ef5ef204b6d76d2fc0.jpg?1734862143,Crystal,83,0,MCH
T'hana Walu,35975713,219,217,Phantom,Chaos,200,0,914ae7c17025c097838bce46cbc57a89_f0a43d6e5eea19af337a176e9836acddfc0.jpg?1734860609,Crystal,330,0,UNK
Depressed Egirl,50543888,220,218,Zodiark,Light,200,0,712f53c2b6ed3bc9fa9cc0b0b60a16d7_c274370774c6bc3483cc8740805f41bcfc0.jpg?1734861127,Crystal,151,0,AST
Big Steppa,16358631,221,228,Louisoix,Chaos,200,1,7750cc3f8534c73fa1ac2af21989aec2_0a122616f3718d3f45cab10fd8fc1604fc0.jpg?1734862382,Crystal,117,5,SMN
Strife Duskblade,34142903,222,219,Omega,Chaos,200,0,e8d7518889e9dd65f6114527334ca66a_39e25ac3d737c46452305eefe324372cfc0.jpg?1734862535,Crystal,115,0,DRK
Trabajarr Adelante,37901435,223,220,Louisoix,Chaos,200,0,4ca4571e8f63d3e41e476ed0c14c077a_0a122616f3718d3f45cab10fd8fc1604fc0.jpg?1734861805,Crystal,113,0,WAR
Zeed Kh,25146361,224,221,Zodiark,Light,200,0,c05dd89329db9bb215b086b1e7ed3762_c274370774c6bc3483cc8740805f41bcfc0.jpg?1734862854,Crystal,98,0,GNB
Bardam Dotharl,35562008,225,222,Twintania,Light,200,0,c3871ea09660d2462e0335bcfed28eb1_c33f640c0cdd35f7def85b8aa31a0007fc0.jpg?1734863261,Crystal,97,0,WHM
Thalyia Iahe,9710491,226,223,Lich,Light,200,0,3755763c9f2de0ff22fed9431cd3a9cf_7206469080400ed57a5373d0a9c55c59fc0.jpg?1734861497,Crystal,78,0,AST
Sors Tyche,16797342,227,224,Phantom,Chaos,200,0,2e254c862b454ad975eec2f7c83b6fac_f0a43d6e5eea19af337a176e9836acddfc0.jpg?1734861092,Crystal,67,0,SAM
Yone Ashina,30902252,228,225,Ragnarok,Chaos,200,0,0e82717d755f8e19345912612a8dfc47_40d57ba713628f3f1ef5ef204b6d76d2fc0.jpg?1734860839,Crystal,62,0,SAM
Memento Mo'ri,1641495,229,226,Ragnarok,Chaos,199,0,86323bce84189061b1d71ff1dc25266a_40d57ba713628f3f1ef5ef204b6d76d2fc0.jpg?1734862814,Crystal,258,10,MCH
Noctis Lucis-caellum,44086893,230,227,Shiva,Light,199,0,d7d3e4a43d7d52f423959e37bf92770f_3fbff0e6b620e4d259dc427abc6574dafc0.jpg?1734860352,Crystal,164,0,PLD
Puksu Pottula,13215922,231,229,Moogle,Chaos,199,0,aae9fb9b8dec3adbfb531020b1bc345f_d7a9d5f85a29d6278ec1c7adc2c8d242fc0.jpg?1734862268,Crystal,79,0,RDM
Roy Dimgao,29524655,232,231,Omega,Chaos,198,0,320af7149c63c337e5826c2c2cc1bf37_39e25ac3d737c46452305eefe324372cfc0.jpg?1734863479,Crystal,168,0,RDM
Fraeline Delumiere,8971379,233,232,Omega,Chaos,198,0,afb618ece59a91b1c0e84cb3f71d6b0c_39e25ac3d737c46452305eefe324372cfc0.jpg?1734860344,Crystal,89,0,PCT
Miloire Veritat,13747940,234,233,Sagittarius,Chaos,198,0,2f1ba19bb2392139d587541ebf92a119_44ca0844398b2d010d8cd4a31ddb023dfc0.jpg?1734860375,Crystal,88,0,BRD
Raelenn Nadaski,16227743,235,234,Ragnarok,Chaos,195,0,e1f3482762b47467e7424083280ada2b_40d57ba713628f3f1ef5ef204b6d76d2fc0.jpg?1734861405,Crystal,237,0,BRD
Amida Arca,12133889,236,235,Moogle,Chaos,194,0,3319fac150e22ce5042cb03341b30f63_d7a9d5f85a29d6278ec1c7adc2c8d242fc0.jpg?1734861822,Crystal,74,0,BLM
Saibe Stellarvore,52181389,237,236,Raiden,Light,190,0,297926ced8787b2d9a1db81c70a939b5_a370664d98f658f4ed4e620f378f73cdfc0.jpg?1734862514,Crystal,52,0,MCH
Paranpu Leporine,26896464,238,237,Omega,Chaos,189,0,4c9072504d928fcec9a33b948ed484c3_39e25ac3d737c46452305eefe324372cfc0.jpg?1734860126,Crystal,161,0,DRG
Prickly Cactus,2197336,239,238,Omega,Chaos,101,0,7eccc4a3c359b6261d61b9a4a1edfd7e_39e25ac3d737c46452305eefe324372cfc0.jpg?1734862145,Crystal,196,0,MCH
Hex Me,33474528,240,239,Twintania,Light,101,0,9a101efdb226e330a61a1c1d4f73a726_c33f640c0cdd35f7def85b8aa31a0007fc0.jpg?1734860953,Crystal,101,0,PCT
Corb Kokojoni,6787299,241,240,Ragnarok,Chaos,100,0,f26d0a2ff850097bbea861eb53883148_40d57ba713628f3f1ef5ef204b6d76d2fc0.jpg?1734863022,Crystal,429,0,FSH
Zvaljo Td,3417946,242,241,Moogle,Chaos,100,0,83ee95db4d3b42ed3b64db67af519470_d7a9d5f85a29d6278ec1c7adc2c8d242fc0.jpg?1734863496,Crystal,357,0,PLD
Inamaru Ani,7397988,243,0,Lich,Light,100,0,62720eb5794088b0de9631074597e0b1_7206469080400ed57a5373d0a9c55c59fc0.jpg?1734862111,Crystal,299,3,UNK
Ray Croft,29659793,243,242,Shiva,Light,100,0,56ebf33c0c49fd7529d32303d4b7c8d9_3fbff0e6b620e4d259dc427abc6574dafc0.jpg?1734861236,Crystal,299,0,DRG
Hera Handsome,43847813,245,244,Cerberus,Chaos,100,0,129ccf2bf8ca73e99003bd5d7a66163d_777c57311d510ca65dac3c1077dee435fc0.jpg?1734860777,Crystal,252,0,VPR
Eden Tilmitt,23775255,246,245,Ragnarok,Chaos,100,0,af83635d9ae348ce2f1f18bd7f59657c_40d57ba713628f3f1ef5ef204b6d76d2fc0.jpg?1734861247,Crystal,248,0,UNK
Moorka Koshkina,26400362,247,246,Sagittarius,Chaos,100,0,98cab9c61731a6a3af3d36defafdbdbd_44ca0844398b2d010d8cd4a31ddb023dfc0.jpg?1734861162,Crystal,243,0,NIN
Nya'nya-nya Nya'nya,29153524,248,247,Spriggan,Chaos,100,0,3d0daa594a18eb35445c8a91928aa388_feaf0a2e88ff164813fbc9b85876fa48fc0.jpg?1734863140,Crystal,233,0,SMN
Einar Steelbrand,45381425,249,248,Louisoix,Chaos,100,0,40a90ba80e9969dd2e8310877486bb74_0a122616f3718d3f45cab10fd8fc1604fc0.jpg?1734861449,Crystal,232,0,SCH
Kushi Nava,11911250,250,249,Alpha,Light,100,0,24454d6e26f8ffca68a3e85816f108ed_6132295fcf5570fb8b0a944ef322a598fc0.jpg?1734860367,Crystal,209,0,BRD
Shion Umami,44854946,250,249,Twintania,Light,100,0,ae831ad52999f7b17276a4d7e4f57e70_c33f640c0cdd35f7def85b8aa31a0007fc0.jpg?1734862624,Crystal,209,0,GNB
Bibiwerg Soumabaute,45024043,252,251,Zodiark,Light,100,0,8e9c39590640a5e51c4ccc49a59b6622_c274370774c6bc3483cc8740805f41bcfc0.jpg?1734861543,Crystal,207,0,PLD
Andrea Heth,39513950,253,252,Odin,Light,100,0,0744c8fd8b477af906aa730e4d6e2c09_644311b63b607133c989d7c1188467dafc0.jpg?1734860776,Crystal,198,0,DRK
Nico Sokaris,26264280,254,253,Cerberus,Chaos,100,0,10d00eb6164c61cc38259ce235dc6a52_777c57311d510ca65dac3c1077dee435fc0.jpg?1734863530,Crystal,194,0,VPR
Rena Eisner,37092724,255,254,Phantom,Chaos,100,0,a7c7211ed7015ca1d86127c53ee43d70_f0a43d6e5eea19af337a176e9836acddfc0.jpg?1734862839,Crystal,192,0,UNK
Yuripa Arashi,37731658,256,255,Shiva,Light,100,0,73ff0d0b3cc5f92ec79dabffa2bedf80_3fbff0e6b620e4d259dc427abc6574dafc0.jpg?1734863658,Crystal,187,0,DRK
Kirima Hotogo,45336633,257,256,Sagittarius,Chaos,100,0,690f4127524955e2de8c8f76612bd2a7_44ca0844398b2d010d8cd4a31ddb023dfc0.jpg?1734863174,Crystal,174,0,PLD
Kuura Lumikangas,38567049,258,257,Lich,Light,100,0,b6f1a9dcc59de6e926d0c18ba5978092_7206469080400ed57a5373d0a9c55c59fc0.jpg?1734861406,Crystal,163,0,SGE
Nara Xinur,35151102,259,258,Cerberus,Chaos,100,0,ea7ed2bd55d739666c238a104d52ebf7_777c57311d510ca65dac3c1077dee435fc0.jpg?1734861160,Crystal,156,0,GNB
Chipichipi Chapachapa,52016422,260,259,Shiva,Light,100,0,ba289e63a4a698da7d24a169cb412103_3fbff0e6b620e4d259dc427abc6574dafc0.jpg?1734863337,Crystal,153,0,WHM
Syn Strauss,2163455,260,259,Cerberus,Chaos,100,0,885cbf820c5a8a5a567d9a7cce07a30e_777c57311d510ca65dac3c1077dee435fc0.jpg?1734861542,Crystal,153,0,NIN
Lance Drasmire,4561870,262,261,Phoenix,Light,100,0,2fc756e4367516020a3fd8a196ac8f60_5047bc596a4bab2dc7f7c120bb22dec5fc0.jpg?1734861660,Crystal,148,0,DRG
Rio Ryu,45400782,263,262,Phantom,Chaos,100,0,41b921bb6a43e638da5403328b11ae96_f0a43d6e5eea19af337a176e9836acddfc0.jpg?1734862872,Crystal,146,0,BRD
Jaelys Elyanarch,6160241,264,263,Moogle,Chaos,100,0,fc4a751ebc0402023f56f7934007c9ef_d7a9d5f85a29d6278ec1c7adc2c8d242fc0.jpg?1734861018,Crystal,145,0,RPR
Patata Madura,28218993,265,264,Ragnarok,Chaos,100,0,83d1e1c5f159ae0a1c9ec00930b426dc_40d57ba713628f3f1ef5ef204b6d76d2fc0.jpg?1734863645,Crystal,144,0,VPR
Sim Chiko,9640572,266,265,Ragnarok,Chaos,100,0,df001251be985850147df76d29cd2c6e_40d57ba713628f3f1ef5ef204b6d76d2fc0.jpg?1734861588,Crystal,142,0,DNC
Korentijn Woodwynn,31824240,267,266,Twintania,Light,100,0,b06f5306d2ef59fb67e4bfd66bef3156_c33f640c0cdd35f7def85b8aa31a0007fc0.jpg?1734861612,Crystal,136,0,WHM
Ninilo Nilo,41773993,268,267,Spriggan,Chaos,100,0,a5d40a52bea252511b1718e311de111f_feaf0a2e88ff164813fbc9b85876fa48fc0.jpg?1734863166,Crystal,134,0,VPR
Seglarn Hayabuza,34280537,269,268,Omega,Chaos,100,0,766b4af1dd2ca28d66ce19ca28bb8039_39e25ac3d737c46452305eefe324372cfc0.jpg?1734860705,Crystal,133,0,FSH
Shaying Rengarf,1688652,270,269,Ragnarok,Chaos,100,0,9f6e8954dec429710a07fcf4059d3ae8_40d57ba713628f3f1ef5ef204b6d76d2fc0.jpg?1734861480,Crystal,132,0,PLD
Lil' Hope,22850105,271,270,Twintania,Light,100,0,086579f9781d6e93309857c6406f7671_c33f640c0cdd35f7def85b8aa31a0007fc0.jpg?1734862918,Crystal,130,0,AST
Nash Blau,10741978,271,270,Odin,Light,100,0,ad5074d34fe7820d98cd300f3b026c6f_644311b63b607133c989d7c1188467dafc0.jpg?1734862599,Crystal,130,0,WHM
Teddles Kayn,24078378,271,270,Cerberus,Chaos,100,0,078cf7ce4b3e457cada2971f32692278_777c57311d510ca65dac3c1077dee435fc0.jpg?1734863094,Crystal,130,0,VPR
Wept Sama,51306317,274,273,Louisoix,Chaos,100,0,26258172f2f7d8adbd729f60cdc1b12d_0a122616f3718d3f45cab10fd8fc1604fc0.jpg?1734862354,Crystal,128,0,BLM
Faint Light,9670186,275,274,Odin,Light,100,0,2f435d02f9eb19cacf404a49a3fffa1c_644311b63b607133c989d7c1188467dafc0.jpg?1734860914,Crystal,125,0,DRG
Marisa Neptune,52216084,275,274,Alpha,Light,100,0,1b485637d5f1df89d363a45b95cba49c_6132295fcf5570fb8b0a944ef322a598fc0.jpg?1734863322,Crystal,125,0,SCH
Akari Tsuki,31005286,277,276,Louisoix,Chaos,100,0,28e1cfaecfbf911dc3621f5de74642aa_0a122616f3718d3f45cab10fd8fc1604fc0.jpg?1734862617,Crystal,123,0,VPR
Deralden Norre,37044147,277,276,Cerberus,Chaos,100,0,70c64c12491bf520db3b3fdb7ced5b7b_777c57311d510ca65dac3c1077dee435fc0.jpg?1734862703,Crystal,123,0,BLM
Dritz Mayl,9010583,277,276,Phoenix,Light,100,0,2c47fe0f058ba3fdbed038d09f710017_5047bc596a4bab2dc7f7c120bb22dec5fc0.jpg?1734861018,Crystal,123,0,GNB
Dopa Mine,44403027,280,279,Phantom,Chaos,100,0,8d27501fd3361cf138655132263db4b5_f0a43d6e5eea19af337a176e9836acddfc0.jpg?1734862659,Crystal,122,0,RPR
Tanpul Viras,26165089,280,279,Lich,Light,100,0,6c49c4f9c8f8f78b33d13f248b5d55f4_7206469080400ed57a5373d0a9c55c59fc0.jpg?1734861953,Crystal,122,0,GNB
Benkei Bushida,37230123,282,281,Twintania,Light,100,0,3cf6cc539907e8c60e0f756a39ca06f3_c33f640c0cdd35f7def85b8aa31a0007fc0.jpg?1734862778,Crystal,121,0,NIN
Blade Hawk,46247057,283,282,Cerberus,Chaos,100,0,f7250ca425f4a390df03b296e8d777e2_777c57311d510ca65dac3c1077dee435fc0.jpg?1734861473,Crystal,120,0,PCT
Bunny Hole,37600246,284,283,Cerberus,Chaos,100,0,e624edf31a7277a79e004257e131e471_777c57311d510ca65dac3c1077dee435fc0.jpg?1734861062,Crystal,119,0,PLD
Gabriel Fujin,11099535,284,283,Raiden,Light,100,0,fb5c6913d0c275952def0841ab82887f_a370664d98f658f4ed4e620f378f73cdfc0.jpg?1734860154,Crystal,119,0,VPR
Leenar Raim,45005021,286,285,Raiden,Light,100,0,cd15b6146d9e895f605fe9d8aa6e46d2_a370664d98f658f4ed4e620f378f73cdfc0.jpg?1734861674,Crystal,117,0,PLD
Teno Gestalt,7996626,286,285,Moogle,Chaos,100,0,7074016d0936488eead4ed28a2d2cf0e_d7a9d5f85a29d6278ec1c7adc2c8d242fc0.jpg?1734862541,Crystal,117,0,MNK
Am Alive,30443161,288,287,Twintania,Light,100,0,96f3e4e8b8829f962fc883836194ae7c_c33f640c0cdd35f7def85b8aa31a0007fc0.jpg?1734862527,Crystal,116,0,PCT
Fahen Uyagir,22433705,288,287,Sagittarius,Chaos,100,0,908b1c670617091950877297ba392438_44ca0844398b2d010d8cd4a31ddb023dfc0.jpg?1734861018,Crystal,116,0,SGE
Midnight Jackal,11112906,288,287,Zodiark,Light,100,0,5a07de247e0e0cdc266c0e0936d3d50c_c274370774c6bc3483cc8740805f41bcfc0.jpg?1734863595,Crystal,116,0,AST
Danger Noodles,17422545,291,290,Odin,Light,100,0,3ba625c3ea089a70feec8d7e4c59c594_644311b63b607133c989d7c1188467dafc0.jpg?1734863342,Crystal,115,0,DRK
Autuas Au,37357840,292,291,Phantom,Chaos,100,0,5c8929453beb42fb1a167e93eca11abf_f0a43d6e5eea19af337a176e9836acddfc0.jpg?1734861331,Crystal,114,0,UNK
Fena Solba,31594261,293,292,Omega,Chaos,100,0,a0f2bdb54b25e0706daf73d3994eda74_39e25ac3d737c46452305eefe324372cfc0.jpg?1734863020,Crystal,113,0,PLD
Tio Plato,3018194,294,293,Zodiark,Light,100,0,1b02c4c929c99c77bcb72de092759dcc_c274370774c6bc3483cc8740805f41bcfc0.jpg?1734862714,Crystal,111,0,UNK
Mhia Mewrilah,26716262,295,294,Omega,Chaos,100,0,6b70c463b87dca3437d37504f74aad3b_39e25ac3d737c46452305eefe324372cfc0.jpg?1734862659,Crystal,109,0,WHM
Mohli Pestyg,36540018,295,294,Odin,Light,100,0,5af112cb40e01a48849fa2016d1f9669_644311b63b607133c989d7c1188467dafc0.jpg?1734860626,Crystal,109,0,NIN
Seva Topside,13448560,295,294,Lich,Light,100,0,9d7c9ab54279e4c92a05a0fd56086667_7206469080400ed57a5373d0a9c55c59fc0.jpg?1734863571,Crystal,109,0,AST
Yuki Shinryu,18457903,295,294,Omega,Chaos,100,0,7c3380880e156cefcc0afc85574b6091_39e25ac3d737c46452305eefe324372cfc0.jpg?1734861330,Crystal,109,0,AST
Haki Haki,8290724,299,298,Ragnarok,Chaos,100,0,3fc43df6da1c629c59b5cdae63dee7a7_40d57ba713628f3f1ef5ef204b6d76d2fc0.jpg?1734862222,Crystal,108,0,DNC
Generika Nameius,8419843,300,299,Zodiark,Light,100,0,742f15a1893106970d2ff154be220d67_c274370774c6bc3483cc8740805f41bcfc0.jpg?1734862812,Crystal,107,0,GNB
Edelgard Valentine,33822406,1,0,Ravana,Materia,707,0,c6e8425ff4b710b83d71c789e7e1f54c_2f53b2675d3eea360f0b48d74d30af15fc0.jpg?1734863609,Crystal,64,4,NIN
Shiki Hime,41619079,2,4,Sophia,Materia,692,394,e0f33871fdd9bcb0012cace0f140b504_ba15a18cd3a8fb567e39053022515eb6fc0.jpg?1734861566,Crystal,91,6,SMN
Lil Wu,39781651,3,2,Ravana,Materia,586,0,883868199332c12050d61887025475bc_2f53b2675d3eea360f0b48d74d30af15fc0.jpg?1734863095,Crystal,118,0,AST
Oikawa Toru,41683087,4,3,Sophia,Materia,516,99,d5a01df2a5efad3e7025186928c8a8cd_ba15a18cd3a8fb567e39053022515eb6fc0.jpg?1734862887,Crystal,90,4,MNK
Raiosu Eucliffe,45249258,5,0,Ravana,Materia,295,0,a21442f92d53ab89cab416d41fe9132d_2f53b2675d3eea360f0b48d74d30af15fc0.jpg?1734862397,Crystal,73,4,SGE
Jiraiya Sannin,47974804,6,7,Ravana,Materia,199,99,6a5cc312529bc78b7d0bbbf5f41983af_2f53b2675d3eea360f0b48d74d30af15fc0.jpg?1734862378,Crystal,95,3,WAR
Ku Ku,46368957,7,6,Sophia,Materia,101,0,7be1c0abffe3a0cf5f63b70187fff829_ba15a18cd3a8fb567e39053022515eb6fc0.jpg?1734860637,Crystal,132,4,SCH
Syth Isi,14766898,8,0,Sephirot,Materia,100,100,4eef23c58ccbdfd054240b7a6afee3df_30a5f9eadea6e0cb684a5265362d0d59fc0.jpg?1734861762,Crystal,101,2,WHM
Kibin Kazuma,31580490,9,10,Bismarck,Materia,0,0,3b73d3054a8010a8fcb7ab136d61e03b_36f0570990ac5402b2ef514d36b0435cfc0.jpg?1734860570,Diamond,126,6,DNC
Boz Ulceros,32280980,10,11,Ravana,Materia,0,0,269b081d650bf5598fd5a3f9419b8b43_2f53b2675d3eea360f0b48d74d30af15fc0.jpg?1734861035,Diamond,143,6,BRD
Naga Saki,15917656,10,9,Ravana,Materia,0,0,d787b9eef0b044d0c973586fe6837859_2f53b2675d3eea360f0b48d74d30af15fc0.jpg?1734863152,Diamond,143,2,SMN
Samara Glazghotwyn,40818042,12,0,Sephirot,Materia,0,0,d89bdc111b4127d9f80e3d6a0ed3a55b_30a5f9eadea6e0cb684a5265362d0d59fc0.jpg?1734862188,Diamond,100,2,BRD
Rose Helena,31006550,13,0,Ravana,Materia,0,0,8efcfa96aae2d3452543823a2efc024d_2f53b2675d3eea360f0b48d74d30af15fc0.jpg?1734860493,Diamond,54,0,NIN
Selene Riverende,35752544,14,0,Ravana,Materia,0,0,5fd48f3af1ed47ca144aa3161b1e921d_2f53b2675d3eea360f0b48d74d30af15fc0.jpg?1734861581,Diamond,117,1,DRK
Greeding Way,39287029,15,0,Sephirot,Materia,0,0,fb6bd593d347ff92f5b118947fcae4de_30a5f9eadea6e0cb684a5265362d0d59fc0.jpg?1734861554,Diamond,163,0,RDM
Eight Aliapoh,41909710,16,30,Ravana,Materia,0,0,0786418adb5a9f45831a0632ebd7385f_2f53b2675d3eea360f0b48d74d30af15fc0.jpg?1734862392,Diamond,99,3,PCT
Disco Knees,36101852,17,16,Sophia,Materia,0,0,48d0a8dae7efe9ad10780f28920a969b_ba15a18cd3a8fb567e39053022515eb6fc0.jpg?1734863478,Diamond,86,0,MNK
Xavier Nightingale,35313794,18,17,Ravana,Materia,0,0,c741fb155ef5539799184eb693379d5c_2f53b2675d3eea360f0b48d74d30af15fc0.jpg?1734861634,Diamond,44,0,SCH
Han Liu,44640291,19,18,Ravana,Materia,0,0,55233b520f90487f51f380e2add5fc3d_2f53b2675d3eea360f0b48d74d30af15fc0.jpg?1734860180,Diamond,82,0,WHM
Daddy Problems,55702970,20,19,Ravana,Materia,0,0,c2ce6253283034200b70c15dfad486a0_2f53b2675d3eea360f0b48d74d30af15fc0.jpg?1734863160,Diamond,46,0,GNB
Fabzy Wabzy,36982941,21,20,Sophia,Materia,0,0,cd0aeb82e45c2474bb659277fc1a3713_ba15a18cd3a8fb567e39053022515eb6fc0.jpg?1734862956,Diamond,118,0,BLM
Hachi Uye,28355951,22,21,Bismarck,Materia,0,0,4037f2fd94492d5dbe2f5d561ff36bc8_36f0570990ac5402b2ef514d36b0435cfc0.jpg?1734860718,Diamond,114,0,NIN
Cenzuo Valentine,39186489,23,22,Sophia,Materia,0,0,b8ed52cb12c4616551fa7327a48ec8fc_ba15a18cd3a8fb567e39053022515eb6fc0.jpg?1734861164,Diamond,90,0,GNB
Snowcloud Sevf,42330735,24,29,Sophia,Materia,0,0,7d593e97d41de87387a1375eb3efcde6_ba15a18cd3a8fb567e39053022515eb6fc0.jpg?1734863304,Diamond,127,1,SAM
Ashmi Rae,18364101,25,23,Bismarck,Materia,0,0,2b3a41d227e2937852d5c1e031d5aba0_36f0570990ac5402b2ef514d36b0435cfc0.jpg?1734862538,Diamond,120,0,BRD
Wave Effect,41790116,26,24,Sephirot,Materia,0,0,9a151f6d2649d8d75ea9d1191c460ef7_30a5f9eadea6e0cb684a5265362d0d59fc0.jpg?1734861873,Diamond,105,0,SCH
Unshao Theruun,36386941,27,25,Sephirot,Materia,0,0,ec8f93abdc73eddcd17e0450db1cb572_30a5f9eadea6e0cb684a5265362d0d59fc0.jpg?1734860572,Diamond,93,0,NIN
R'eanne Belltear,37215954,28,26,Sophia,Materia,0,0,db26b168a9b22d1d49978dce1f16f7a7_ba15a18cd3a8fb567e39053022515eb6fc0.jpg?1734862418,Diamond,139,2,RPR
Jp Onry,41760681,29,27,Sophia,Materia,0,0,0fd04a31d62a64b5bfb836aae6432759_ba15a18cd3a8fb567e39053022515eb6fc0.jpg?1734862445,Diamond,49,0,RDM
Horus Leonhart,45233151,30,28,Sephirot,Materia,0,0,5dd2d3634997b4bd5d8121d26a3184bc_30a5f9eadea6e0cb684a5265362d0d59fc0.jpg?1734863338,Diamond,202,0,GNB
Lavena Warren,50144898,31,0,Bismarck,Materia,0,0,7ce6625677a92398813e9ada28be47ed_36f0570990ac5402b2ef514d36b0435cfc0.jpg?1734863669,Diamond,57,0,PLD
Goode Morning,46999849,32,0,Bismarck,Materia,0,0,78b690699b1baccabf6653fbe9714bd9_36f0570990ac5402b2ef514d36b0435cfc0.jpg?1734861808,Diamond,40,0,MNK
Fullbuster Sesshomaru,48191459,33,0,Bismarck,Materia,0,0,19430a8de088b206fbbf50356e1478f6_36f0570990ac5402b2ef514d36b0435cfc0.jpg?1734860675,Diamond,101,0,MCH
Elanor Trevelyan,10462633,34,0,Zurvan,Materia,0,0,349b1582fc81c3b5ee523727e29f139e_1fa3a1b3845481a1b67b46854a3cc49afc0.jpg?1734861544,Diamond,100,0,SGE
Damp Toe,13310786,35,0,Sephirot,Materia,0,0,e9d84c4068797bc6040ba7e4c06d6712_30a5f9eadea6e0cb684a5265362d0d59fc0.jpg?1734862185,Diamond,94,0,BRD
Aisling Talier,26622237,36,0,Sophia,Materia,0,0,a54e9fa1aff309afb027fb8948bb233a_ba15a18cd3a8fb567e39053022515eb6fc0.jpg?1734861723,Diamond,46,0,GNB
Blossom Ragnarok,1682602,37,0,Bismarck,Materia,0,0,75c2a1142c38686a908f1b3edb81d56e_36f0570990ac5402b2ef514d36b0435cfc0.jpg?1734860265,Platinum,123,0,AST
Hope Noise,45221879,38,0,Zurvan,Materia,0,0,e9f8f4c2b4591d244612e5a6cbce778b_1fa3a1b3845481a1b67b46854a3cc49afc0.jpg?1734862014,Platinum,78,0,PCT
Seth Nier,10650761,39,0,Sophia,Materia,0,0,64bba40966450747199bec23184e47a3_ba15a18cd3a8fb567e39053022515eb6fc0.jpg?1734863414,Platinum,96,0,NIN
Alex Seneca,40175851,40,0,Sophia,Materia,0,0,1916501f2e7b3a2559acf349ccb7aba0_ba15a18cd3a8fb567e39053022515eb6fc0.jpg?1734861154,Platinum,112,0,SGE
Inconspicuous Miqo'te,3493859,41,0,Sophia,Materia,0,0,0b6b4d2c312f136911f9717c83c17997_ba15a18cd3a8fb567e39053022515eb6fc0.jpg?1734862043,Platinum,101,0,WHM
Azie Amaterasu,3217903,42,0,Sephirot,Materia,0,0,26a268f2eafe6d1649e702420b1806e3_30a5f9eadea6e0cb684a5265362d0d59fc0.jpg?1734861381,Platinum,82,0,SCH
Pompitous Litchous,28520377,43,0,Sephirot,Materia,0,0,ab4abed9c2f0b5369480818f95581f87_30a5f9eadea6e0cb684a5265362d0d59fc0.jpg?1734860607,Platinum,74,0,SGE
Caraselle Mariannette,27125126,44,0,Ravana,Materia,0,0,565dc06bd0b779e7ef27cd057dc50ecb_2f53b2675d3eea360f0b48d74d30af15fc0.jpg?1734861699,Platinum,59,0,VPR
Mars Bars,41756039,45,0,Sophia,Materia,0,0,87af5886ec3b52e7e582ccc7755f6a9b_ba15a18cd3a8fb567e39053022515eb6fc0.jpg?1734860925,Platinum,47,0,DRG
Katsu Tonkatsu,39589632,46,0,Sophia,Materia,0,0,59d49cd6e8d7d62600fc3d6493244b13_ba15a18cd3a8fb567e39053022515eb6fc0.jpg?1734860660,Platinum,41,0,WVR
Mistress Woe,36745031,47,0,Ravana,Materia,0,0,59d3f286ade4be6f21390f0fccf7f030_2f53b2675d3eea360f0b48d74d30af15fc0.jpg?1734860532,Platinum,88,0,WAR
Monkey Rat,28956529,48,0,Zurvan,Materia,0,0,bd13db4ebaa363278dd269b5941ae816_1fa3a1b3845481a1b67b46854a3cc49afc0.jpg?1734863368,Platinum,37,0,NIN
Aislinn Rose,47395507,49,0,Ravana,Materia,0,0,920c56af8cba5363c65e0c83dbbcac71_2f53b2675d3eea360f0b48d74d30af15fc0.jpg?1734862169,Platinum,117,0,MIN
Terack Tre,51190679,50,0,Ravana,Materia,0,0,81386d768403425116bef561f8c81d22_2f53b2675d3eea360f0b48d74d30af15fc0.jpg?1734860257,Platinum,114,0,BRD
Saran Kagon,39024611,51,0,Ravana,Materia,0,0,5ced2428f214f74a0214c0ab70f765dc_2f53b2675d3eea360f0b48d74d30af15fc0.jpg?1734860987,Platinum,65,0,AST
Daeneris Stormborn,17816677,52,0,Zurvan,Materia,0,0,dd3c1f830e92ca4f902d42575517a37d_1fa3a1b3845481a1b67b46854a3cc49afc0.jpg?1734862774,Platinum,122,0,VPR
Muirgein Gaoithe,43757996,53,0,Zurvan,Materia,0,0,105a7ccaaf500207bca234bd1dee90cc_1fa3a1b3845481a1b67b46854a3cc49afc0.jpg?1734860825,Platinum,76,0,BLM
Talla Khen,8350017,54,0,Sophia,Materia,0,0,f4ab158a497845a6b0c4074ac367dccc_ba15a18cd3a8fb567e39053022515eb6fc0.jpg?1734863379,Platinum,54,0,VPR
Luna Hestia,13075521,55,0,Ravana,Materia,0,0,4c8aa485692a68f7e4485950b4f14c90_2f53b2675d3eea360f0b48d74d30af15fc0.jpg?1734862092,Platinum,47,0,BTN
Kur Rumi,37431125,56,0,Sephirot,Materia,0,0,50bb07e399cb277ee074072da46fd673_30a5f9eadea6e0cb684a5265362d0d59fc0.jpg?1734860811,Platinum,42,0,SCH
Shutey Sawczak,34269442,57,0,Sephirot,Materia,0,0,78cb45d045d04094a9aa51213a579912_30a5f9eadea6e0cb684a5265362d0d59fc0.jpg?1734863546,Platinum,67,0,BLM
Jaliqai Bairon,49027736,58,0,Sophia,Materia,0,0,bb5b2ab907893aa971f0d78c6164de8c_ba15a18cd3a8fb567e39053022515eb6fc0.jpg?1734860345,Platinum,63,0,RDM
Mae Murasaki,37777538,59,0,Ravana,Materia,0,0,4291e7e20d5011715e7263d1940b4790_2f53b2675d3eea360f0b48d74d30af15fc0.jpg?1734862325,Platinum,48,0,DRG
Nirki Yukumo,41663432,60,0,Zurvan,Materia,0,0,c950234c9a872ae2ab8476f696fcb74f_1fa3a1b3845481a1b67b46854a3cc49afc0.jpg?1734861214,Platinum,46,0,NIN
If'coverd Pls'use'pot,49819474,61,0,Sophia,Materia,0,0,019eb20f89b4bda638f38d669e15d62d_ba15a18cd3a8fb567e39053022515eb6fc0.jpg?1734862410,Platinum,26,0,PLD
Lunara Nanora,29749614,62,0,Sophia,Materia,0,0,5e27b1706462482fcd71e29066f74954_ba15a18cd3a8fb567e39053022515eb6fc0.jpg?1734861796,Platinum,25,0,RDM
Miora Gavariah,21083695,63,0,Ravana,Materia,0,0,b867a8eaa35ff0075f2162e84ddd0e41_2f53b2675d3eea360f0b48d74d30af15fc0.jpg?1734862302,Platinum,120,0,NIN
Chs Crane,37655547,64,0,Sophia,Materia,0,0,7cd2d4b420716bf684bdd41ef37d9319_ba15a18cd3a8fb567e39053022515eb6fc0.jpg?1734860166,Platinum,43,0,CUL
Soft Ravioli,51183748,65,0,Sephirot,Materia,0,0,e42186f8a5fd785e35e3fd26a96ec68a_30a5f9eadea6e0cb684a5265362d0d59fc0.jpg?1734860207,Platinum,34,0,MCH
Bianka Atae'gina,37927920,66,0,Sephirot,Materia,0,0,88ec027df3f73a8fdae14d7df2bb5ad9_30a5f9eadea6e0cb684a5265362d0d59fc0.jpg?1734862343,Gold,63,0,AST
Ren Valence,39411855,67,0,Ravana,Materia,0,0,9396b39fdf6f67b195ead6ca325f0ba8_2f53b2675d3eea360f0b48d74d30af15fc0.jpg?1734860202,Gold,48,0,DNC
Anya Ayase,35377758,68,0,Ravana,Materia,0,0,180ec7f74b417aeed2b2548e9088167d_2f53b2675d3eea360f0b48d74d30af15fc0.jpg?1734862387,Gold,47,0,RDM
Juru'a Mihrulh,48704606,69,0,Zurvan,Materia,0,0,80aa9b34947750aa356810124a11ba19_1fa3a1b3845481a1b67b46854a3cc49afc0.jpg?1734863193,Gold,121,0,WHM
Anny Mac,45121514,70,0,Ravana,Materia,0,0,f9006370c63b36d84efcd8b37a68f328_2f53b2675d3eea360f0b48d74d30af15fc0.jpg?1734861938,Gold,52,0,GNB
Snow Halation,36208179,71,0,Bismarck,Materia,0,0,9a559c39257c61cba650708319c6c5f6_36f0570990ac5402b2ef514d36b0435cfc0.jpg?1734861128,Gold,42,0,SAM
Mickydave Thrill,33261897,72,0,Sophia,Materia,0,0,dcfb599d6125d21e2e10d94439944353_ba15a18cd3a8fb567e39053022515eb6fc0.jpg?1734862541,Gold,94,0,DRG
Alice Hexington,42967117,73,0,Sephirot,Materia,0,0,2a6eece55b0c5b8fba3a9dc824f57408_30a5f9eadea6e0cb684a5265362d0d59fc0.jpg?1734860130,Gold,84,0,VPR
Seal Rock,29463992,74,0,Ravana,Materia,0,0,ebbb4f8957c4d3da4ed4d5be3031ec00_2f53b2675d3eea360f0b48d74d30af15fc0.jpg?1734860127,Gold,74,0,WAR
Clars Lester,951178,75,0,Sephirot,Materia,0,0,46727c8d445323c9e5b8140d37027050_30a5f9eadea6e0cb684a5265362d0d59fc0.jpg?1734863468,Gold,64,0,MCH
Cotott Niah,29455887,76,0,Bismarck,Materia,0,0,56c610a9b805f2def26fef4ff9491168_36f0570990ac5402b2ef514d36b0435cfc0.jpg?1734863225,Gold,46,0,WHM
Valen Drakeblood,13598510,77,0,Sophia,Materia,0,0,a8854ccca7a71f5ccfb78b57bd57732f_ba15a18cd3a8fb567e39053022515eb6fc0.jpg?1734863358,Gold,40,0,UNK
Valya Dream,36468496,78,79,Sophia,Materia,0,0,18a08ff1744351493a5bbc6c182e4baf_ba15a18cd3a8fb567e39053022515eb6fc0.jpg?1734862744,Gold,34,0,BTN
Nor Xyz,31204260,79,80,Zurvan,Materia,0,0,f484bb1b0b61e2441c3fdc2f619705b6_1fa3a1b3845481a1b67b46854a3cc49afc0.jpg?1734861786,Gold,31,0,WAR
Amurai Galewind,46001881,80,81,Sephirot,Materia,0,0,2992a86b74ecf6482ab91a7786999b7b_30a5f9eadea6e0cb684a5265362d0d59fc0.jpg?1734860989,Gold,95,0,SGE
Nogard Fal,39652346,81,82,Sephirot,Materia,0,0,d1666acf6469516c5e96766b806c9eec_30a5f9eadea6e0cb684a5265362d0d59fc0.jpg?1734861828,Gold,75,0,PCT
Gains Boros,44700373,82,83,Sephirot,Materia,0,0,6edd762b72a6a98e3a1951ced8321a17_30a5f9eadea6e0cb684a5265362d0d59fc0.jpg?1734861430,Gold,57,0,PCT
Epurus Vagrant,8742840,83,84,Sophia,Materia,0,0,cf23873e1a2b8ba565e0b07d71982d5c_ba15a18cd3a8fb567e39053022515eb6fc0.jpg?1734860267,Gold,32,0,PCT
Esperance Lightbound,16103781,84,85,Ravana,Materia,0,0,0d3ff648d49892a8fc3bd67490985032_2f53b2675d3eea360f0b48d74d30af15fc0.jpg?1734862822,Gold,45,0,BLM
Cwenhild Reid,41763782,85,86,Sophia,Materia,0,0,c9d176025665cc1528a984e82a81fd64_ba15a18cd3a8fb567e39053022515eb6fc0.jpg?1734860196,Gold,27,0,DRK
Why Care,9512184,86,87,Ravana,Materia,0,0,3a9ec640c9044a2a9a9a55842752290a_2f53b2675d3eea360f0b48d74d30af15fc0.jpg?1734863369,Gold,52,0,GNB
Edea Lea,13526979,87,88,Ravana,Materia,0,0,1ffd7eed10a84c313666e5ea2eb6bf47_2f53b2675d3eea360f0b48d74d30af15fc0.jpg?1734860922,Gold,45,0,RDM
Constance Castaspella,35726357,88,89,Sephirot,Materia,0,0,f5141ddb189767efa61c8287e072912c_30a5f9eadea6e0cb684a5265362d0d59fc0.jpg?1734860717,Gold,29,0,DRG
Rita Ora,40021877,89,90,Ravana,Materia,0,0,2dc013527eb6c6ea6836ad380cb73bfa_2f53b2675d3eea360f0b48d74d30af15fc0.jpg?1734860468,Gold,26,0,RDM
Lupercal Aurelian,37936946,90,91,Ravana,Materia,0,0,93674d47ae679f2b2191e0d82e33123f_2f53b2675d3eea360f0b48d74d30af15fc0.jpg?1734862174,Gold,17,0,MNK
Dusk Himmel,15330477,91,92,Ravana,Materia,0,0,ec862439c7eb4c92a07d62b286bc6553_2f53b2675d3eea360f0b48d74d30af15fc0.jpg?1734862528,Gold,14,0,RPR
Blessed Dad,38532068,92,93,Bismarck,Materia,0,0,e8b0daa97fab1914af2f086a60b633b7_36f0570990ac5402b2ef514d36b0435cfc0.jpg?1734862855,Gold,73,0,SCH
Valmet Arisawa,51733316,93,94,Zurvan,Materia,0,0,846b6aaaf23e385aeb7d8bc8e6462d8a_1fa3a1b3845481a1b67b46854a3cc49afc0.jpg?1734861936,Gold,50,0,UNK
Roaring Sun,44896625,94,95,Ravana,Materia,0,0,d338f46aad572a3d02bc4e529df943ad_2f53b2675d3eea360f0b48d74d30af15fc0.jpg?1734860675,Gold,22,0,PCT
Long Mog,33214885,95,96,Bismarck,Materia,0,0,642c435cfb56d63f9d57faeafe3eb2e9_36f0570990ac5402b2ef514d36b0435cfc0.jpg?1734861035,Gold,69,0,DNC
Boss Clock,7454011,96,97,Ravana,Materia,0,0,6b3ce315a8da83d5c70cbea0fbc71923_2f53b2675d3eea360f0b48d74d30af15fc0.jpg?1734862287,Gold,47,0,SAM
Ellio Niel,33714314,97,98,Ravana,Materia,0,0,ee27945dcf62e4c4433c6af89b7c7cf2_2f53b2675d3eea360f0b48d74d30af15fc0.jpg?1734860502,Gold,34,0,SAM
Vert Noxx,20047200,98,99,Ravana,Materia,0,0,546069ade0bb7b6e9f50b0588584c366_2f53b2675d3eea360f0b48d74d30af15fc0.jpg?1734860364,Gold,31,0,GNB
Elto Malto,55670275,99,100,Zurvan,Materia,0,0,6625d7f60a549d4e764bdbbb6315b573_1fa3a1b3845481a1b67b46854a3cc49afc0.jpg?1734862562,Gold,22,0,UNK
Nyan Nekosugar,50731484,100,0,Sephirot,Materia,0,0,dfb3e794243282ca53430656a5a15eba_30a5f9eadea6e0cb684a5265362d0d59fc0.jpg?1734860580,Gold,75,0,UNK
Ahri Meow,42604315,1,0,Leviathan,Primal,5304,0,99498e3de5cc49aacddccc855d4ee19d_a91aae52cff9ef65932db06b150ffd47fc0.jpg?1734862146,Crystal,477,0,RDM
Recette Lemongrass,45876373,2,0,Exodus,Primal,5274,0,8fbaa0a0a0df33362d7d3386bd3facb6_0cdf051c93865faa15cbc5cd3d2b69fbfc0.jpg?1734862867,Crystal,214,12,NIN
Pekora Meow,37421725,3,0,Leviathan,Primal,4972,0,dc85502f9baa330d5a15d3c0a6f002a0_a91aae52cff9ef65932db06b150ffd47fc0.jpg?1734860311,Crystal,410,0,ALC
Fat Cats,39235895,4,0,Faerie,Aether,4896,0,b5e5b9251e1d34a0e4a218bdaa795d78_0e336ff6ad415f47233f0aaf127feac0fc0.jpg?1734862908,Crystal,236,2,MNK
Doomballoon Dapingus,19169037,5,0,Diabolos,Crystal,4852,0,e43cef91ca38a14de0e5bea2295ba9c0_7b33d33ae3ecb996f778a5f67a6a0af6fc0.jpg?1734863506,Crystal,299,0,SAM
Miyu Moon,14522179,6,0,Zalera,Crystal,4662,0,3562f4cf44aad7d526acbf8fae3937b0_8106f857613f8fb994b0be37b26ff4bafc0.jpg?1734863137,Crystal,163,0,SAM
Neo Dymium,33030676,7,0,Siren,Aether,4586,0,24be6098cf7acc2de169d92917d3299f_58a84e851e55175d22158ca97af58a1ffc0.jpg?1734862354,Crystal,383,3,RDM
Emma Bea,38301229,8,0,Behemoth,Primal,4539,0,726b40617504b2d9ae2b963fcdabb673_be20385e18333edb329d4574f364a1f0fc0.jpg?1734861455,Crystal,252,0,UNK
Terro Beoulve,45682109,9,0,Coeurl,Crystal,4442,0,5c8262e03844a30a89d0d2374247f03c_284358f8eb4efc9095914e46798c6ab3fc0.jpg?1734861537,Crystal,473,0,VPR
Ais Syensu,35363502,10,0,Exodus,Primal,4361,0,6ba2d35248558bce444fe5909dde04a2_0cdf051c93865faa15cbc5cd3d2b69fbfc0.jpg?1734861910,Crystal,356,0,CRP
Noga Cosnoh,12058107,11,0,Cactuar,Aether,4297,0,2ed29f4458018d1f538dd14b47de63b0_96ab1df8877c1f8ba6a89a39cccfd437fc0.jpg?1734860283,Crystal,957,19,MCH
Milly Mina,37964161,12,0,Gilgamesh,Aether,4276,0,f3300c3e28b3c5b4a3767a587341831e_b937560c841465f7c4bc8eb47ea7948afc0.jpg?1734863526,Crystal,647,15,AST
Sylvie Chan,48678953,13,0,Brynhildr,Crystal,4253,0,14580705b6124b25ef19217300b4891f_d0a0f515a62457570c9b44997063e3c1fc0.jpg?1734863279,Crystal,381,18,WHM
Fulheart Grit,38212551,14,0,Malboro,Crystal,4187,0,4a4d99f967c37bf42bd739857921e360_2e97c13fdd593d15d543093f8a37b6f0fc0.jpg?1734860651,Crystal,626,0,BRD
Kasai Kage,21886030,15,20,Ultros,Primal,4175,384,6835735c490425c8a49d6889308a3484_c514cdcdb619439df97d906d4434ccc6fc0.jpg?1734863626,Crystal,533,15,NIN
Tomo Kote,38176817,16,15,Gilgamesh,Aether,4108,0,e5d7502ad7f21874552a4fc21553ee9e_b937560c841465f7c4bc8eb47ea7948afc0.jpg?1734862389,Crystal,276,0,WAR
John Darksouls,32702843,17,16,Adamantoise,Aether,3907,0,f1fbda91f49b5975e8a2cb80a74e40ad_1f5fd239b885860b7c2bfc72ad1d97effc0.jpg?1734861957,Crystal,257,4,PLD
Suhr Zarek,8876676,18,17,Balmung,Crystal,3893,0,c09e4087ccb76545f31b81fa5ca01485_7a573cbc0cda3a3dfc1795cb3d9f7b23fc0.jpg?1734860513,Crystal,326,0,PLD
Peregrine Lofte,55117058,19,18,Leviathan,Primal,3874,0,df9b7905d52055b47d47319af0555f1e_a91aae52cff9ef65932db06b150ffd47fc0.jpg?1734863670,Crystal,338,0,NIN
Satoru Gojou,48764071,20,19,Coeurl,Crystal,3828,0,cfaa3805c7a62fc99a75b9c68da57b17_284358f8eb4efc9095914e46798c6ab3fc0.jpg?1734862953,Crystal,560,1,RPR
Medorii Tenosu,47682367,21,0,Gilgamesh,Aether,3599,0,a1901f475b311376c9ec20a2d5446732_b937560c841465f7c4bc8eb47ea7948afc0.jpg?1734862327,Crystal,307,0,RDM
Shimori Bunihara,35166011,22,44,Lamia,Primal,3556,413,c44c8fc68c230b1051ec35a527afe9ed_4d9be17b5e1edc617052b4dbf4007875fc0.jpg?1734863070,Crystal,890,7,MCH
Saint Okanama,10280862,23,22,Leviathan,Primal,3533,0,0c109a9fc9759d115c5d648394f5431c_a91aae52cff9ef65932db06b150ffd47fc0.jpg?1734861336,Crystal,458,10,DRG
Mtn Boop,36509633,24,23,Brynhildr,Crystal,3504,0,175f521a1de707cbfb345e95df5e588c_d0a0f515a62457570c9b44997063e3c1fc0.jpg?1734863661,Crystal,381,13,VPR
Uki Yo,50106047,25,24,Adamantoise,Aether,3465,0,75e9983a4dd07e7e5de0ed1ac11a23fb_1f5fd239b885860b7c2bfc72ad1d97effc0.jpg?1734862322,Crystal,444,15,DNC
Akira Hawke,40787015,26,25,Behemoth,Primal,3451,0,be0f810fe03390d32b90288de4bd5fa9_be20385e18333edb329d4574f364a1f0fc0.jpg?1734861400,Crystal,156,1,RDM
Death Reaps,8773483,27,26,Balmung,Crystal,3424,0,265183f487ab7e0a5a5b3128ec29a82a_7a573cbc0cda3a3dfc1795cb3d9f7b23fc0.jpg?1734860737,Crystal,421,0,SGE
Yan Shua,33322665,28,27,Gilgamesh,Aether,3403,0,265e19d9fb92e247223d1db417c91639_b937560c841465f7c4bc8eb47ea7948afc0.jpg?1734861693,Crystal,278,0,MNK
Mavis Enyo,14769968,29,28,Excalibur,Primal,3362,0,00bced457c7cea8ae968197c61367bed_745baffc465480ed372e274d50318290fc0.jpg?1734862359,Crystal,540,0,SMN
Buzzy Wuzzy,36606684,30,29,Balmung,Crystal,3343,0,c8354ec48c39ab63e2f2cf13293552c0_7a573cbc0cda3a3dfc1795cb3d9f7b23fc0.jpg?1734862314,Crystal,127,0,FSH
Minerva Scarlet,4029997,31,30,Coeurl,Crystal,3328,0,9292ad77c7078718881622758bd946be_284358f8eb4efc9095914e46798c6ab3fc0.jpg?1734863001,Crystal,175,0,DRG
Merlin Emryss,9605720,32,31,Faerie,Aether,3318,0,87179f28ae17956a4d43567dadf6ea60_0e336ff6ad415f47233f0aaf127feac0fc0.jpg?1734861304,Crystal,483,6,BRD
Onion Little,37583983,33,32,Zalera,Crystal,3287,0,59533d6fd2d0a8b58595bf860ae3f36a_8106f857613f8fb994b0be37b26ff4bafc0.jpg?1734860590,Crystal,192,0,PLD
Apocalus Van'zandt,10350828,34,46,Hyperion,Primal,3286,194,ca0bd01fc4516b9be7aa32ec0cb61561_57ae9ee5592123dd79c8912bf768cf99fc0.jpg?1734862428,Crystal,522,4,NIN
Ham Baga,28276994,35,33,Faerie,Aether,3269,0,80672270fca68b3d3fa2f4c0b220427a_0e336ff6ad415f47233f0aaf127feac0fc0.jpg?1734861300,Crystal,652,4,WHM
Xiao Longbao,31670807,36,34,Excalibur,Primal,3259,0,b9d8562547d5b9d8e86054d9061c6a23_745baffc465480ed372e274d50318290fc0.jpg?1734862281,Crystal,988,19,RDM
Oikawa Toru,19604162,37,35,Seraph,Dynamis,3255,0,22f6fb786d9a5617a234deb04f2ae2c3_07fb0511053f398d1f2d6831e6a6b4c8fc0.jpg?1734861842,Crystal,112,0,MNK
Heart Broken,50530736,38,36,Zalera,Crystal,3252,0,905d94d34180939b170fd945401f1844_8106f857613f8fb994b0be37b26ff4bafc0.jpg?1734862848,Crystal,758,6,UNK
Naomi Hakoma,13697124,39,37,Halicarnassus,Dynamis,3250,0,a6732f9cc34509a6761d618186e745fd_f2d324d722b28bbe681b2898bcdca8bffc0.jpg?1734862295,Crystal,198,0,NIN
Jay Vermillion,20310837,40,38,Adamantoise,Aether,3248,0,ae2f157d9c523947744b038a73f77be6_1f5fd239b885860b7c2bfc72ad1d97effc0.jpg?1734863464,Crystal,502,9,MNK
Zeke Ewoza,38693513,41,39,Sargatanas,Aether,3240,0,60aab73f86d002c9ca644555b577f1fe_ba22853447012a24cee115315d6a5bebfc0.jpg?1734860903,Crystal,345,0,WHM
Rump Seer,37853529,42,40,Exodus,Primal,3211,0,d5a957f6e005f8900af91131c02fe700_0cdf051c93865faa15cbc5cd3d2b69fbfc0.jpg?1734862072,Crystal,482,0,MNK
Rhynnian Embersong,25760441,43,41,Mateus,Crystal,3189,0,871ea245000038e6ec3461df23e3688f_f0c52cc66e124fc2e641d7c21ab2ce79fc0.jpg?1734860354,Crystal,196,0,BLM
Ash Kitamura,28316663,44,75,Faerie,Aether,3166,601,1d4dc329a59b5b1e26a3423a11d1a751_0e336ff6ad415f47233f0aaf127feac0fc0.jpg?1734861213,Crystal,246,14,AST
Stray Wolf,31858765,45,42,Adamantoise,Aether,3163,0,c258b7738230e60c50615b40159881a8_1f5fd239b885860b7c2bfc72ad1d97effc0.jpg?1734863466,Crystal,419,0,PLD
Air Weaver,20213719,46,43,Ultros,Primal,3160,0,27df6ef8a3aa80b9f976110e12831743_c514cdcdb619439df97d906d4434ccc6fc0.jpg?1734861832,Crystal,112,0,WHM
Clown Conductor,2722260,47,45,Lamia,Primal,3130,0,83535e12811bd40a36857bf3baf2a005_4d9be17b5e1edc617052b4dbf4007875fc0.jpg?1734861739,Crystal,265,0,VPR
Mac Arena,21560395,48,47,Adamantoise,Aether,3076,0,30fa962580974874808d1a8b67407ebb_1f5fd239b885860b7c2bfc72ad1d97effc0.jpg?1734862967,Crystal,260,0,GNB
Bier Rxk,23773415,49,48,Jenova,Aether,3032,0,715059767580a251f3225806d6532473_ce736afe35e2ded4e46c4fd0659aef7efc0.jpg?1734860690,Crystal,176,0,PLD
Twist Slaps,45827554,50,49,Balmung,Crystal,3028,0,15159b4ecdb811d022905e8cd9bc4839_7a573cbc0cda3a3dfc1795cb3d9f7b23fc0.jpg?1734860973,Crystal,382,0,NIN
Tom Diesche,18405124,51,50,Brynhildr,Crystal,2974,0,ed1c4fdb1074b3519b700cc1619d3ba6_d0a0f515a62457570c9b44997063e3c1fc0.jpg?1734863131,Crystal,372,0,MIN
Ath Anilin,25243868,52,51,Lamia,Primal,2971,0,df65d93112726055b31a708333c0bb6a_4d9be17b5e1edc617052b4dbf4007875fc0.jpg?1734860857,Crystal,161,0,SCH
Gracidea Blossom,4573171,53,52,Lamia,Primal,2930,0,12afdfb12aebd14365b3149875fee65f_4d9be17b5e1edc617052b4dbf4007875fc0.jpg?1734860263,Crystal,180,12,WHM
Original Dsi,35808978,54,53,Gilgamesh,Aether,2914,0,b244a7412043a7dd35bae3d62114182d_b937560c841465f7c4bc8eb47ea7948afc0.jpg?1734861483,Crystal,162,0,AST
Azar Kaveh,16748899,55,54,Hyperion,Primal,2862,0,1d25f3d1883510d8fd010504471516b8_57ae9ee5592123dd79c8912bf768cf99fc0.jpg?1734862810,Crystal,466,0,WVR
Mide Malqir,26735640,56,55,Ultros,Primal,2827,0,5df97e1cf99fbf9d5def66f19b652e55_c514cdcdb619439df97d906d4434ccc6fc0.jpg?1734861086,Crystal,346,0,DNC
Sanguinius Valerius,33489157,57,56,Kraken,Dynamis,2809,0,461663ac9dfac06c5d61bc05d26ae652_049a956dfeb0eb2e19c417a1dde4d680fc0.jpg?1734861458,Crystal,328,0,SAM
Ryland Rustclaw,10151959,58,57,Gilgamesh,Aether,2808,0,5eba56efad856ee2623a920fcecbe77d_b937560c841465f7c4bc8eb47ea7948afc0.jpg?1734863347,Crystal,169,0,FSH
A'ri Ryun,28037044,59,58,Leviathan,Primal,2790,0,172f2e7a4bf3015cdc729f4d380c0fd5_a91aae52cff9ef65932db06b150ffd47fc0.jpg?1734862583,Crystal,482,8,RPR
Yos Sy,23664999,60,59,Exodus,Primal,2774,0,01f58e6e2269085746fd0a5b6fe0e7f2_0cdf051c93865faa15cbc5cd3d2b69fbfc0.jpg?1734862876,Crystal,426,10,PLD
Ruja Thorn,8987827,61,60,Behemoth,Primal,2758,0,1d86b1a058c666576a7b9a5ddcf1b63f_be20385e18333edb329d4574f364a1f0fc0.jpg?1734862989,Crystal,350,16,NIN
Unagi Box,34773273,62,61,Adamantoise,Aether,2726,0,05a513d02b60c767bfb83440ab2d406b_1f5fd239b885860b7c2bfc72ad1d97effc0.jpg?1734861043,Crystal,620,4,GNB
Kuina Kagetsu,36802695,63,62,Ultros,Primal,2702,0,dd8ffbe11c53ea988c605c9c24157c59_c514cdcdb619439df97d906d4434ccc6fc0.jpg?1734863449,Crystal,101,0,NIN
Bluray Box,44087839,64,63,Behemoth,Primal,2689,0,24c7ec066d5dd66769645419d043c109_be20385e18333edb329d4574f364a1f0fc0.jpg?1734860330,Crystal,138,0,BLM
Samiya Ailana,40449206,65,64,Sargatanas,Aether,2686,0,ebdf2b88e1c2cb0483fccc0f723cb05c_ba22853447012a24cee115315d6a5bebfc0.jpg?1734863203,Crystal,258,0,UNK
Celesse Archon,5403993,66,65,Midgardsormr,Aether,2677,0,46c05696a375eb66cab3503bea79e4e4_5c8ecfbc673e1287a9b5e85423fe1657fc0.jpg?1734862659,Crystal,140,4,AST
Medoh Meshi,21944401,67,66,Kraken,Dynamis,2674,0,02a266bab02cb503b2c17d31583c183d_049a956dfeb0eb2e19c417a1dde4d680fc0.jpg?1734863642,Crystal,332,0,UNK
Nazja Blackcrest,4664921,68,67,Balmung,Crystal,2672,0,16742653bc411024dcd8572c363bd7b8_7a573cbc0cda3a3dfc1795cb3d9f7b23fc0.jpg?1734860405,Crystal,441,0,RPR
S'jay Sharks,18807626,69,68,Cactuar,Aether,2664,0,68294efd5b1aeb5bd1a36477f7c0e3cf_96ab1df8877c1f8ba6a89a39cccfd437fc0.jpg?1734862222,Crystal,216,0,DNC
Jehuty Apophis,12911440,70,69,Exodus,Primal,2654,0,1653daa8923be02b19f610801d72abd2_0cdf051c93865faa15cbc5cd3d2b69fbfc0.jpg?1734863227,Crystal,399,6,ALC
Jekai August,45489344,71,70,Halicarnassus,Dynamis,2609,0,6d9c37637c2a0833c96a6b0c83d1ea50_f2d324d722b28bbe681b2898bcdca8bffc0.jpg?1734861879,Crystal,249,0,NIN
General Matsumoto,18082188,72,71,Sargatanas,Aether,2597,0,a7493f862c4868817f17e01416b178a8_ba22853447012a24cee115315d6a5bebfc0.jpg?1734860184,Crystal,927,10,DRG
Invent Animate,40830066,73,115,Ultros,Primal,2593,693,b4674ae4d8b07578ae723618d9450cdc_c514cdcdb619439df97d906d4434ccc6fc0.jpg?1734863520,Crystal,129,22,NIN
Hajime Hinata,11551274,74,72,Ultros,Primal,2590,0,d707a870965364e300535170c5b39b31_c514cdcdb619439df97d906d4434ccc6fc0.jpg?1734861077,Crystal,200,0,DRK
Wmmmmmmmmm Wmmmmmmmmm,43697383,75,73,Halicarnassus,Dynamis,2587,0,a0e98183de7200d488e577e76c87545e_f2d324d722b28bbe681b2898bcdca8bffc0.jpg?1734860370,Crystal,232,0,GNB
Azureal Grandeur,20448737,76,74,Marilith,Dynamis,2580,0,fa989d1d00d58fc1b4171abefb5e22b7_bbfb28d5a9059cd0c768daf77ab29982fc0.jpg?1734860812,Crystal,278,0,AST
Sponge Cake,15121944,77,86,Faerie,Aether,2574,198,3428a89877f1f714b6306dba262cd7ea_0e336ff6ad415f47233f0aaf127feac0fc0.jpg?1734862896,Crystal,153,7,SAM
Nikau Milkdud,30842976,78,83,Lamia,Primal,2533,97,2ffee265e9fb9491997d30306dc67cc3_4d9be17b5e1edc617052b4dbf4007875fc0.jpg?1734861937,Crystal,511,4,DNC
Xiao Baobao,34864246,79,76,Gilgamesh,Aether,2529,0,b7292ab55f454a1e43ddd8b122b85c1f_b937560c841465f7c4bc8eb47ea7948afc0.jpg?1734863148,Crystal,424,0,NIN
Erisu Tipa,34628703,80,77,Zalera,Crystal,2523,0,b6a3a8e1860fd9d9d9ffc06083795ad1_8106f857613f8fb994b0be37b26ff4bafc0.jpg?1734862904,Crystal,221,0,WHM
Dementia Praecox,24212135,81,78,Midgardsormr,Aether,2495,0,6503af046b9a8fc98eb1c7bcaf22e642_5c8ecfbc673e1287a9b5e85423fe1657fc0.jpg?1734861678,Crystal,245,0,SMN
Rubedo Ginshi,15639088,82,79,Lamia,Primal,2475,0,bbc5b3eb96e1a1691fb9abb344fc3217_4d9be17b5e1edc617052b4dbf4007875fc0.jpg?1734862411,Crystal,231,0,RDM
Brian Ricardo,9364090,83,80,Adamantoise,Aether,2469,0,c00688b4ac9b567c1a4de9d648fbbff4_1f5fd239b885860b7c2bfc72ad1d97effc0.jpg?1734861046,Crystal,222,0,MCH
Cherry Berry,55563461,84,81,Maduin,Dynamis,2445,0,9226cb632ef5d12f36e88835fad9728c_7ff236346f6151d8a2c08fd0b4a0b806fc0.jpg?1734863164,Crystal,239,1,DRG
Tree Cat,26335365,85,82,Jenova,Aether,2440,0,33c88618a561b4c9a812b3fe8cb0ba15_ce736afe35e2ded4e46c4fd0659aef7efc0.jpg?1734861316,Crystal,309,6,WHM
Sparrow Hawk,50867063,86,84,Seraph,Dynamis,2430,0,1253b18a592d2d3c5133e9b86ab20c5a_07fb0511053f398d1f2d6831e6a6b4c8fc0.jpg?1734862219,Crystal,268,0,ALC
Bicycle Salesman,24093573,87,85,Coeurl,Crystal,2380,0,730738e1195e0357923d7e3200b49905_284358f8eb4efc9095914e46798c6ab3fc0.jpg?1734863557,Crystal,552,9,VPR
Fain Doncel'aram,18921518,88,87,Jenova,Aether,2371,0,99d5d58c7b97e260ff83d3d4b87a7103_ce736afe35e2ded4e46c4fd0659aef7efc0.jpg?1734862878,Crystal,278,0,MNK
Goth Femboy,30816198,89,88,Hyperion,Primal,2284,0,1e77d6c97528f229f0ead763fe66134b_57ae9ee5592123dd79c8912bf768cf99fc0.jpg?1734860179,Crystal,179,0,NIN
Deimos Darko,14900406,90,89,Balmung,Crystal,2279,0,a2a79d46ffebda8d8ce07c678a3d7b59_7a573cbc0cda3a3dfc1795cb3d9f7b23fc0.jpg?1734862576,Crystal,231,0,UNK
Samemi Minamimiya,52332159,91,127,Seraph,Dynamis,2223,596,7b1e13de5a909f6825cc032f811d3ed6_07fb0511053f398d1f2d6831e6a6b4c8fc0.jpg?1734862004,Crystal,105,9,RDM
Laela Prismriver,1373063,92,90,Sargatanas,Aether,2209,0,ed2ce5e15107b8802d14a8db24b6d8e9_ba22853447012a24cee115315d6a5bebfc0.jpg?1734861028,Crystal,162,0,FSH
Mew Yuki,41637584,93,91,Balmung,Crystal,2207,0,d43502799e8513163d9f64b195c7e3a8_7a573cbc0cda3a3dfc1795cb3d9f7b23fc0.jpg?1734861814,Crystal,330,13,RDM
Lelouch Masamune,12543299,94,92,Malboro,Crystal,2199,0,711457fd66b589fb422ba4640a4826f0_2e97c13fdd593d15d543093f8a37b6f0fc0.jpg?1734860198,Crystal,446,0,SGE
Mimi Myu,9691497,95,105,Leviathan,Primal,2196,118,d925a41776719d761c94e8e32e5e7a0f_a91aae52cff9ef65932db06b150ffd47fc0.jpg?1734862620,Crystal,452,8,BRD
Medori Tenosu,31992476,96,93,Jenova,Aether,2195,0,2d7230bf79f29d3570cfdc7390506985_ce736afe35e2ded4e46c4fd0659aef7efc0.jpg?1734860799,Crystal,174,0,PLD
Bigg Succ,14228989,97,94,Coeurl,Crystal,2193,0,d833225ff74a6d00fc89b134cc155262_284358f8eb4efc9095914e46798c6ab3fc0.jpg?1734861552,Crystal,205,0,SAM
Veloce Visrin,15058846,98,95,Faerie,Aether,2178,0,d75393a9e68b713fa5f0cb4e2cb52e08_0e336ff6ad415f47233f0aaf127feac0fc0.jpg?1734861475,Crystal,188,0,RDM
Akam Mizuna,11803947,99,96,Leviathan,Primal,2152,0,8c8c482c7a3d1c6cf89407e6cf103b32_a91aae52cff9ef65932db06b150ffd47fc0.jpg?1734860212,Crystal,269,0,WAR
Mage Black,54394513,100,97,Hyperion,Primal,2133,0,ade241dbdb6f4dbf832f5a7bd9971d11_57ae9ee5592123dd79c8912bf768cf99fc0.jpg?1734862451,Crystal,243,0,BLM
Vivian Infinity,28047694,101,98,Jenova,Aether,2133,0,c83b9df632f78216eef2bc401df0981b_ce736afe35e2ded4e46c4fd0659aef7efc0.jpg?1734860402,Crystal,153,0,RDM
Crow Xo,54328117,102,113,Hyperion,Primal,2130,202,7eded062751a7f80f7f3d9fbe0ab8e34_57ae9ee5592123dd79c8912bf768cf99fc0.jpg?1734863128,Crystal,94,5,AST
Okiu Matsui,11002626,103,99,Gilgamesh,Aether,2115,0,bda1acfb1606b68ad005bc5b9bed0dc6_b937560c841465f7c4bc8eb47ea7948afc0.jpg?1734862557,Crystal,221,0,MIN
Mash Buttons,12470854,104,107,Ultros,Primal,2113,94,eec5508ec2ce3844fd62caa5b87a24d8_c514cdcdb619439df97d906d4434ccc6fc0.jpg?1734862997,Crystal,483,13,BRD
Clout Stick,36157138,105,100,Exodus,Primal,2107,0,986a6439540c97625a88d00e06c71576_0cdf051c93865faa15cbc5cd3d2b69fbfc0.jpg?1734862009,Crystal,275,0,RDM
Ebu Day,25793185,106,101,Ultros,Primal,2099,0,f0b3f1c96ed64e213b8ac75028005e4d_c514cdcdb619439df97d906d4434ccc6fc0.jpg?1734862832,Crystal,371,0,DRK
Ellie Meeps,36047772,107,102,Lamia,Primal,2099,0,5075b5b323ed5910f6ab59867119b460_4d9be17b5e1edc617052b4dbf4007875fc0.jpg?1734861624,Crystal,286,0,BRD
Umi Ka,30655638,108,103,Lamia,Primal,2098,0,54306fc4e203cb4d976f612a890938db_4d9be17b5e1edc617052b4dbf4007875fc0.jpg?1734861500,Crystal,101,0,PLD
Big Three,47754584,109,104,Zalera,Crystal,2080,0,ef1725c11b5e975338a0b9d2fccdabfe_8106f857613f8fb994b0be37b26ff4bafc0.jpg?1734862441,Crystal,223,4,WAR
Pvp Badboy,38919488,110,284,Sargatanas,Aether,2077,1285,8833f678967938d2e79b8d993021ce3f_ba22853447012a24cee115315d6a5bebfc0.jpg?1734860215,Crystal,153,20,NIN
Fekir Rhyve,27564548,111,106,Jenova,Aether,2066,0,64aa399ec701603863ac1f924b3f59f2_ce736afe35e2ded4e46c4fd0659aef7efc0.jpg?1734860940,Crystal,228,0,PLD
Lynvara Stacia,14851122,112,108,Gilgamesh,Aether,1999,0,fd42ad18aa9b597063b63ef5eec615fb_b937560c841465f7c4bc8eb47ea7948afc0.jpg?1734860273,Crystal,109,0,AST
Riley Nox,23134126,113,109,Midgardsormr,Aether,1984,0,2ba7e5662127328c4d8b517d14dc334b_5c8ecfbc673e1287a9b5e85423fe1657fc0.jpg?1734862974,Crystal,213,3,SAM
Dula Peep,35541724,114,110,Adamantoise,Aether,1972,0,c6716e905dd1bcd2ae62cf3fd6e5ec7b_1f5fd239b885860b7c2bfc72ad1d97effc0.jpg?1734861983,Crystal,129,0,RDM
Esper Freya,7273923,115,111,Leviathan,Primal,1964,0,d93ca8af01613a4386fd6d7414ffbf32_a91aae52cff9ef65932db06b150ffd47fc0.jpg?1734862482,Crystal,221,0,SGE
Cabbagepatch Kid,38958464,116,112,Malboro,Crystal,1945,0,280fabbc8939248fb9722e3a4d3c20e2_2e97c13fdd593d15d543093f8a37b6f0fc0.jpg?1734861460,Crystal,269,0,SAM
Pika Choo,715154,117,114,Brynhildr,Crystal,1905,0,0d939184c276f31c06d0e86aafde31dd_d0a0f515a62457570c9b44997063e3c1fc0.jpg?1734861683,Crystal,106,0,AST
Reed Diamond,7237831,118,156,Ultros,Primal,1904,402,132bb33f336f4f3ae42c3cf9a96a11ad_c514cdcdb619439df97d906d4434ccc6fc0.jpg?1734861725,Crystal,221,6,MNK
Hrothmar Blackburns,28757856,119,116,Adamantoise,Aether,1896,0,ba6405bac0d5b1fb489962984f0d9fb9_1f5fd239b885860b7c2bfc72ad1d97effc0.jpg?1734863508,Crystal,885,26,BLM
Yuelia Divinus,47241149,120,117,Cactuar,Aether,1895,0,7e3254e1ebb89846dac1e4ec3fb1751a_96ab1df8877c1f8ba6a89a39cccfd437fc0.jpg?1734862296,Crystal,126,0,DRK
Alhanelem Amidatelion,873371,121,118,Hyperion,Primal,1891,0,6b4308cba17ad122edd5baebfaf6b98a_57ae9ee5592123dd79c8912bf768cf99fc0.jpg?1734863566,Crystal,316,0,AST
Senka Kyo,40405843,122,119,Behemoth,Primal,1866,0,57edcac1396cccc62373cfaa1109ab06_be20385e18333edb329d4574f364a1f0fc0.jpg?1734862104,Crystal,320,0,BTN
Relena Quaversie,31698638,123,120,Balmung,Crystal,1863,0,e9636511485962a62f73285fd4e9788b_7a573cbc0cda3a3dfc1795cb3d9f7b23fc0.jpg?1734862970,Crystal,330,0,WHM
Octavia Sinclair,24094800,124,121,Behemoth,Primal,1862,0,3ed85383cd6415a51c5fa99023fb9d9e_be20385e18333edb329d4574f364a1f0fc0.jpg?1734862574,Crystal,419,0,WAR
Kuva Curebringer,26013021,125,122,Coeurl,Crystal,1851,0,8e52f955471d1fbf749c56079addb490_284358f8eb4efc9095914e46798c6ab3fc0.jpg?1734862812,Crystal,314,0,ALC
Cat Dotjpg,52560253,126,123,Leviathan,Primal,1848,0,74164f9d2a496f02d071193f9e392fab_a91aae52cff9ef65932db06b150ffd47fc0.jpg?1734861505,Crystal,392,0,RDM
Cristiano Madrid,34480341,127,124,Malboro,Crystal,1838,0,15032fd45cdaa044248ab5a2f00e3d4d_2e97c13fdd593d15d543093f8a37b6f0fc0.jpg?1734861707,Crystal,196,0,NIN
F'ool Pr'oof,27802292,128,125,Famfrit,Primal,1817,0,07756f3cccf4cada3f3d40b5d44ef841_fce4949e615393e574f2d57134b31fc1fc0.jpg?1734863044,Crystal,322,0,SAM
Lucio Harundo,4012099,129,126,Leviathan,Primal,1801,0,d042eff245eaa56c0b6989df68a99564_a91aae52cff9ef65932db06b150ffd47fc0.jpg?1734862524,Crystal,633,4,WAR
Tiny Sosig,16648383,130,128,Balmung,Crystal,1795,0,47661dc0b135d6c15fadc46a3fa85816_7a573cbc0cda3a3dfc1795cb3d9f7b23fc0.jpg?1734862578,Crystal,593,7,SAM
Tomo Mae,19655137,131,129,Balmung,Crystal,1719,1,d0e0019ac3f51348c440208e520ee3dd_7a573cbc0cda3a3dfc1795cb3d9f7b23fc0.jpg?1734862277,Crystal,117,10,WAR
Iron'chef America,8128303,132,130,Excalibur,Primal,1717,0,0481201183ab89a2bd2f40a399e79d47_745baffc465480ed372e274d50318290fc0.jpg?1734861357,Crystal,173,0,PLD
Pio Pio',18277647,133,131,Balmung,Crystal,1716,0,27afd48a7b22276704d501420a65856e_7a573cbc0cda3a3dfc1795cb3d9f7b23fc0.jpg?1734861628,Crystal,143,0,UNK
Irina Zhao,44289433,134,132,Mateus,Crystal,1716,0,6135ca28b2dc3b616188e8d3d817391d_f0c52cc66e124fc2e641d7c21ab2ce79fc0.jpg?1734862641,Crystal,139,1,RDM
Milk Bread,34302069,135,133,Leviathan,Primal,1708,0,ab0afb3570cfd0265ff5909899f6298f_a91aae52cff9ef65932db06b150ffd47fc0.jpg?1734862989,Crystal,662,20,AST
Poco Pio,53981946,136,134,Seraph,Dynamis,1707,0,9a5cfd22a0b0f8326729d42dc153cdcd_07fb0511053f398d1f2d6831e6a6b4c8fc0.jpg?1734862465,Crystal,136,0,PCT
Cole Xenon,37858986,137,135,Leviathan,Primal,1703,0,ead5461fd77fd6a6ba5fa813af44d484_a91aae52cff9ef65932db06b150ffd47fc0.jpg?1734863051,Crystal,195,0,NIN
Bo Nuts,2234245,138,136,Zalera,Crystal,1700,0,0d8b9ae74f55ea0ba374fa7b38b48862_8106f857613f8fb994b0be37b26ff4bafc0.jpg?1734860280,Crystal,375,0,BRD
Haley Autouria,105933,139,159,Coeurl,Crystal,1686,201,8e6b9b10fc2e31af21e24fdaae151c61_284358f8eb4efc9095914e46798c6ab3fc0.jpg?1734861557,Crystal,256,4,WHM
Aahaha Hahahahaha,31743716,140,137,Exodus,Primal,1673,0,77935bdcfdbdbcd8404ce28584023170_0cdf051c93865faa15cbc5cd3d2b69fbfc0.jpg?1734860671,Crystal,540,4,DRK
Spigelia Palmeri,16606989,141,138,Exodus,Primal,1672,0,b995c9580529c13b0416d0dd4de40cf0_0cdf051c93865faa15cbc5cd3d2b69fbfc0.jpg?1734862592,Crystal,129,0,AST
Ruesa Ma'klefel,12273923,142,139,Behemoth,Primal,1644,0,ed06976a6c9094608265e23f16d90e1c_be20385e18333edb329d4574f364a1f0fc0.jpg?1734863502,Crystal,219,0,BTN
Luu Dataq,29843728,143,140,Mateus,Crystal,1632,0,f8290183324bba46b74417f51600e82d_f0c52cc66e124fc2e641d7c21ab2ce79fc0.jpg?1734861725,Crystal,318,0,RDM
Yuria Drifter,11743136,144,141,Leviathan,Primal,1626,0,68a6428b82fc95e9063565b4c9676262_a91aae52cff9ef65932db06b150ffd47fc0.jpg?1734862564,Crystal,153,0,SCH
Mythic Wolf,21887490,145,142,Ultros,Primal,1619,0,b0a265f0e6ae1a07eb148b301bc2d420_c514cdcdb619439df97d906d4434ccc6fc0.jpg?1734863297,Crystal,436,0,NIN
Goemon Da-cat,33537349,146,143,Behemoth,Primal,1612,0,43966a550ccf1c1bef04bbdf44d30910_be20385e18333edb329d4574f364a1f0fc0.jpg?1734862759,Crystal,256,0,BRD
Zypris Allsbane,13616095,147,144,Leviathan,Primal,1609,0,8194751bb802fcd9691a7ee558040836_a91aae52cff9ef65932db06b150ffd47fc0.jpg?1734863433,Crystal,241,0,RPR
Shiri Grey,32860535,148,173,Cactuar,Aether,1602,254,98556472ecc5021f50bd474340b4927f_96ab1df8877c1f8ba6a89a39cccfd437fc0.jpg?1734860763,Crystal,493,20,WHM
Silanah Sylphrena,45709349,149,145,Midgardsormr,Aether,1593,0,353d000e66ebf6b7715ff5998504f784_5c8ecfbc673e1287a9b5e85423fe1657fc0.jpg?1734862129,Crystal,285,0,BRD
Mizu Teori,22317779,150,146,Jenova,Aether,1590,0,5fe0b4de895ce61df244c7c1232984ac_ce736afe35e2ded4e46c4fd0659aef7efc0.jpg?1734861617,Crystal,141,11,DNC
Rare Ninetytwo,23396811,151,147,Siren,Aether,1586,0,a6a08650ebc1d7aea7d8dc2cc79a7e4b_58a84e851e55175d22158ca97af58a1ffc0.jpg?1734861545,Crystal,464,5,RDM
Doosomini Potini,55756903,152,148,Goblin,Crystal,1584,0,e9c6d9f856c4db7f7976c38fccbf6455_8e81e2940511f7152ba4462fe53e35b8fc0.jpg?1734860265,Crystal,340,15,SGE
Lief Eksil,20195744,153,149,Lamia,Primal,1580,0,33906bd77a7d2eb73c8c22b2225fae2d_4d9be17b5e1edc617052b4dbf4007875fc0.jpg?1734863383,Crystal,251,0,SMN
Meteor Moon,29693876,154,150,Rafflesia,Dynamis,1579,0,7f262df9422aa27c9dd850d004812561_2783886613347a4db0bed7524de1298ffc0.jpg?1734862493,Crystal,184,0,SGE
Ava Falafell,7835301,155,151,Cactuar,Aether,1576,0,037dd67f6ab82aadfe3e7b3e4973d525_96ab1df8877c1f8ba6a89a39cccfd437fc0.jpg?1734862096,Crystal,207,3,WHM
Finch Curador,30712387,156,152,Leviathan,Primal,1548,0,a7767d35320b852f509e7dd68b0151d4_a91aae52cff9ef65932db06b150ffd47fc0.jpg?1734861595,Crystal,238,0,PCT
Shmuckles Mcfuzzyface,18132776,157,153,Coeurl,Crystal,1545,0,cc1eeef487312f5dbb2f3a44bab7e5a3_284358f8eb4efc9095914e46798c6ab3fc0.jpg?1734862601,Crystal,295,11,NIN
Remilio Rossi,52220435,158,222,Leviathan,Primal,1529,416,5d9b2f6c25822a52e018eca2c04d2699_a91aae52cff9ef65932db06b150ffd47fc0.jpg?1734862511,Crystal,61,10,GNB
Anello Polaris,30751819,159,154,Gilgamesh,Aether,1511,0,277d2e924d8db1f640b719be66aaa1d8_b937560c841465f7c4bc8eb47ea7948afc0.jpg?1734860932,Crystal,184,0,WAR
Kikii Saurio,28293928,160,158,Ultros,Primal,1508,23,1a60e7252595dc776f3290de44c63405_c514cdcdb619439df97d906d4434ccc6fc0.jpg?1734863494,Crystal,364,2,SGE
Blaidd Half-wolf,32720913,161,155,Malboro,Crystal,1507,0,ea8f0554d2c4394a22940379652fb50f_2e97c13fdd593d15d543093f8a37b6f0fc0.jpg?1734861336,Crystal,126,0,RDM
Sarah Montcroix,21257525,162,157,Siren,Aether,1495,0,9456eff7edd9ad83824c6ded6b9777c8_58a84e851e55175d22158ca97af58a1ffc0.jpg?1734861370,Crystal,225,0,PCT
Ser Oswald,28562542,163,160,Mateus,Crystal,1454,0,f19ec73ac4b113140c941e06c7653a06_f0c52cc66e124fc2e641d7c21ab2ce79fc0.jpg?1734861240,Crystal,132,0,WAR
Gidding Mimid,9835761,164,161,Exodus,Primal,1422,0,97296d489ec3afb5d7c65e3c6fa7fc05_0cdf051c93865faa15cbc5cd3d2b69fbfc0.jpg?1734860759,Crystal,303,0,VPR
To Ne,17266495,165,162,Balmung,Crystal,1416,0,a18df47d123536b7a87651f1cd510cdb_7a573cbc0cda3a3dfc1795cb3d9f7b23fc0.jpg?1734862980,Crystal,247,4,RPR
Prim Vela,17904323,166,163,Mateus,Crystal,1410,0,aada196ec656aa85f2f91490711729b2_f0c52cc66e124fc2e641d7c21ab2ce79fc0.jpg?1734862736,Crystal,170,12,UNK
Awilix Kugimiya,26226248,167,164,Jenova,Aether,1403,0,8f680ab0f84fcc7aff9593e12e18199d_ce736afe35e2ded4e46c4fd0659aef7efc0.jpg?1734862037,Crystal,157,0,DRG
Nemx Eisenhorn,2244246,168,165,Excalibur,Primal,1402,0,8d22c9821683049e16868ac1de65df41_745baffc465480ed372e274d50318290fc0.jpg?1734860789,Crystal,189,0,SAM
Olivya Calliade,10016,169,248,Coeurl,Crystal,1400,412,fe8de6bd53360ebea160a6c4c3dded09_284358f8eb4efc9095914e46798c6ab3fc0.jpg?1734860724,Crystal,295,20,AST
Yulia Lunaria,82714,170,168,Coeurl,Crystal,1399,6,30d19e29baad4dfe064001a80a4466e1_284358f8eb4efc9095914e46798c6ab3fc0.jpg?1734863363,Crystal,185,1,AST
Steph Mi'ong,40554688,171,166,Behemoth,Primal,1398,0,bc6af651f6b4dc58b080dd96ce337811_be20385e18333edb329d4574f364a1f0fc0.jpg?1734862495,Crystal,135,0,RDM
Eris Valens,29017252,172,167,Ultros,Primal,1396,0,843039b57a19bafbdba3c5235b6bb73b_c514cdcdb619439df97d906d4434ccc6fc0.jpg?1734863563,Crystal,362,0,DRK
Labrys Roux,31449732,173,169,Ultros,Primal,1392,0,b78d649d03beba97a36fa9eebc98afc4_c514cdcdb619439df97d906d4434ccc6fc0.jpg?1734863448,Crystal,161,0,SCH
Null Zeta,31940004,174,213,Excalibur,Primal,1384,196,0d591dc765bf21549752d8542453af29_745baffc465480ed372e274d50318290fc0.jpg?1734862738,Crystal,117,5,UNK
Gio Vanni,9922866,175,170,Adamantoise,Aether,1377,0,c3f2351ee2f85a46fdcce422a17815f4_1f5fd239b885860b7c2bfc72ad1d97effc0.jpg?1734860962,Crystal,248,0,SGE
Aoi Kami,40024501,176,171,Gilgamesh,Aether,1377,0,fa9503916a97f3312ed499ca2c78b1a7_b937560c841465f7c4bc8eb47ea7948afc0.jpg?1734862597,Crystal,231,1,PLD
Seto Mimyho,20943977,177,172,Behemoth,Primal,1351,0,e0110a23ddcddf11cb8bf1e895c56d75_be20385e18333edb329d4574f364a1f0fc0.jpg?1734860146,Crystal,278,0,MCH
Vann Healsing,6572,178,0,Coeurl,Crystal,1349,22,e19ce452168669ef7abba0e26cc8ee4c_284358f8eb4efc9095914e46798c6ab3fc0.jpg?1734863608,Crystal,167,6,AST
Gwyndolin Faye,13208059,179,174,Goblin,Crystal,1342,0,0f2c30becd3b69bd8a4db5cd3c0c3fe3_8e81e2940511f7152ba4462fe53e35b8fc0.jpg?1734862411,Crystal,109,0,BRD
Bagel Goose,18949641,180,175,Jenova,Aether,1341,0,6f04b2fb32789789d89b959304a8ef3a_ce736afe35e2ded4e46c4fd0659aef7efc0.jpg?1734862794,Crystal,139,0,PCT
Cely Bee,10350871,181,176,Hyperion,Primal,1337,0,3c8a305d1be098e7d8a443da34c6ec9f_57ae9ee5592123dd79c8912bf768cf99fc0.jpg?1734862702,Crystal,84,0,WAR
Kaminshou Ren,41986937,182,177,Famfrit,Primal,1328,0,c5f33a09d92e6184e8eb206e027324fb_fce4949e615393e574f2d57134b31fc1fc0.jpg?1734862517,Crystal,225,0,SAM
Sera Viegart,12102907,183,179,Exodus,Primal,1323,0,7884797ca2952f34e8c37910e3a2e011_0cdf051c93865faa15cbc5cd3d2b69fbfc0.jpg?1734861304,Crystal,325,8,RDM
Rue Mitsuri,30495666,184,180,Jenova,Aether,1322,0,f0f7d34dcb07b39d6bcd4093ffa07862_ce736afe35e2ded4e46c4fd0659aef7efc0.jpg?1734863331,Crystal,86,9,DNC
Kota Kris,30339585,185,181,Seraph,Dynamis,1320,0,2895aa09f245600c120470b742ec4700_07fb0511053f398d1f2d6831e6a6b4c8fc0.jpg?1734862326,Crystal,240,0,GNB
Shoko Pei,16176302,186,182,Goblin,Crystal,1315,0,0bcba217a676582efe635d8daf2c605c_8e81e2940511f7152ba4462fe53e35b8fc0.jpg?1734862722,Crystal,156,0,RDM
Mayu Mae,14766204,187,183,Jenova,Aether,1310,0,4eed6e7949e8754e82f48ba80b1e07c6_ce736afe35e2ded4e46c4fd0659aef7efc0.jpg?1734861361,Crystal,429,0,AST
Agreed Indeed,35442337,188,225,Cactuar,Aether,1308,205,420d1175f93ad013aa9ab84ae2d42209_96ab1df8877c1f8ba6a89a39cccfd437fc0.jpg?1734860520,Crystal,175,13,MCH
Dandy Lyon,9088850,189,184,Leviathan,Primal,1305,0,5e652518b4930ff5cb411a5818760318_a91aae52cff9ef65932db06b150ffd47fc0.jpg?1734863472,Crystal,140,0,SAM
Masaru Ren,3258475,190,185,Midgardsormr,Aether,1305,0,79cbf6e41e65dedcf38f4c9150b6e134_5c8ecfbc673e1287a9b5e85423fe1657fc0.jpg?1734862824,Crystal,99,0,SAM
Halo Nya,37532582,191,186,Jenova,Aether,1303,0,07d723e41ff93e4a9fc2fcd0e3e9c631_ce736afe35e2ded4e46c4fd0659aef7efc0.jpg?1734862492,Crystal,122,0,GNB
Duck Lunari,25605118,192,187,Sargatanas,Aether,1299,0,b6bdf2aa319971a4d2d224d81798fdef_ba22853447012a24cee115315d6a5bebfc0.jpg?1734862008,Crystal,160,0,BLM
Mikjall Djt-yisi,26689137,193,188,Balmung,Crystal,1291,0,7885348685c8cada59378ee95f2f9984_7a573cbc0cda3a3dfc1795cb3d9f7b23fc0.jpg?1734861588,Crystal,305,0,DRG
Talon Sparda,39038797,194,189,Coeurl,Crystal,1290,0,d809254a099fb5317aeeea9b2a03760c_284358f8eb4efc9095914e46798c6ab3fc0.jpg?1734862896,Crystal,142,0,MNK
Jung Dhadeh,37157045,195,190,Leviathan,Primal,1285,0,fa17da6181676e0d2fddeb3a479b64bf_a91aae52cff9ef65932db06b150ffd47fc0.jpg?1734863615,Crystal,67,0,BRD
Melee Onry,34947176,196,191,Malboro,Crystal,1284,0,ef0cdc660f896e6ee5a09e7f40dd40ac_2e97c13fdd593d15d543093f8a37b6f0fc0.jpg?1734863638,Crystal,217,0,SAM
Rachna Rindou,54825028,197,192,Brynhildr,Crystal,1283,0,782b01c1201a9b4642438d41202796f6_d0a0f515a62457570c9b44997063e3c1fc0.jpg?1734861476,Crystal,240,2,MNK
Indigo Plateau,31627935,198,193,Zalera,Crystal,1283,0,850ce80bb2a831eec8e341e9699130c6_8106f857613f8fb994b0be37b26ff4bafc0.jpg?1734863221,Crystal,188,0,NIN
Sircye Xll,26526697,199,194,Sargatanas,Aether,1270,0,3abdf4b6aee01e8be87e392143348dd8_ba22853447012a24cee115315d6a5bebfc0.jpg?1734860786,Crystal,141,0,SCH
Ouni Tamas,45072570,200,195,Lamia,Primal,1250,0,aa3a5de91bf28246e13fbab27a7c0008_4d9be17b5e1edc617052b4dbf4007875fc0.jpg?1734862503,Crystal,243,0,SAM
Ezekiell Zepol,1180389,201,196,Excalibur,Primal,1241,0,4ad42e78dbedc29967c7a80c89723218_745baffc465480ed372e274d50318290fc0.jpg?1734862666,Crystal,122,0,DRK
Kohvu Lynx,1558192,202,197,Exodus,Primal,1240,0,071acbe4f7c99524490dc3ec23aca0f1_0cdf051c93865faa15cbc5cd3d2b69fbfc0.jpg?1734860574,Crystal,121,0,PCT
Tis'a Fleshwound,48737418,203,198,Hyperion,Primal,1237,0,17bb62a4ab4ea64e499cbc5a9d785dfb_57ae9ee5592123dd79c8912bf768cf99fc0.jpg?1734861616,Crystal,328,0,SAM
Hunie Pop,37396085,204,199,Ultros,Primal,1229,0,8a72b357002474c02d597d6e8bc94cee_c514cdcdb619439df97d906d4434ccc6fc0.jpg?1734861984,Crystal,402,0,WHM
Erdrick Than'talas,35169837,205,200,Behemoth,Primal,1229,0,bcdde4e2fbfba10f901006ffbc7723cc_be20385e18333edb329d4574f364a1f0fc0.jpg?1734860666,Crystal,257,5,PLD
Oregano Bongsmoker,47430588,206,201,Ultros,Primal,1228,0,bdcbd084a68099d7220ce839d8cc9099_c514cdcdb619439df97d906d4434ccc6fc0.jpg?1734860249,Crystal,304,2,PLD
Florianne Oblige,25448170,207,202,Lamia,Primal,1217,0,0f14b9756d9af3ad420632f221517cd4_4d9be17b5e1edc617052b4dbf4007875fc0.jpg?1734861480,Crystal,229,12,BRD
Charlotte Noire,14742785,208,203,Faerie,Aether,1216,0,8a5fca7878fe8ee3d20ca8199addb389_0e336ff6ad415f47233f0aaf127feac0fc0.jpg?1734860454,Crystal,131,0,WAR
Bikini Time,4564593,209,204,Hyperion,Primal,1205,0,d9b4e900d39c4d7a05212276a110c33b_57ae9ee5592123dd79c8912bf768cf99fc0.jpg?1734861856,Crystal,153,0,DRG
Vaxitry Dark,28777606,210,205,Brynhildr,Crystal,1204,0,0d7f75966254f60b69463e0d39afbfeb_d0a0f515a62457570c9b44997063e3c1fc0.jpg?1734860837,Crystal,126,0,UNK
Kilika Ex,11266239,211,241,Diabolos,Crystal,1203,201,0849b955d8084de3f57ddb9187743e66_7b33d33ae3ecb996f778a5f67a6a0af6fc0.jpg?1734863389,Crystal,154,11,MIN
Cleric Stance,55476806,212,206,Balmung,Crystal,1199,0,92daec06b0bf97ce3cf8d57f21fa0dfd_7a573cbc0cda3a3dfc1795cb3d9f7b23fc0.jpg?1734862534,Crystal,372,0,UNK
Sensus Nero,3918158,213,207,Gilgamesh,Aether,1199,0,c830651186889d4902ef13cefd58a832_b937560c841465f7c4bc8eb47ea7948afc0.jpg?1734863131,Crystal,138,0,SAM
Thwosau Uyagir,27672029,214,208,Ultros,Primal,1198,0,26c05becd109bcec866c5f5306c140dc_c514cdcdb619439df97d906d4434ccc6fc0.jpg?1734862054,Crystal,123,0,PCT
Smug Idiot,41800684,215,209,Faerie,Aether,1197,0,e47cf0295654f46f4b3d436c21a85261_0e336ff6ad415f47233f0aaf127feac0fc0.jpg?1734862566,Crystal,259,0,GNB
Selto Treu,38965165,216,210,Mateus,Crystal,1196,0,6cddf3a22adcd7a238edb62773d57043_f0c52cc66e124fc2e641d7c21ab2ce79fc0.jpg?1734862839,Crystal,272,0,MNK
Cloie Saphira,19299690,217,211,Malboro,Crystal,1196,0,db0b159767931858622b440cf1b264a0_2e97c13fdd593d15d543093f8a37b6f0fc0.jpg?1734860389,Crystal,150,0,MNK
Venaire Sylvia,13282421,218,212,Malboro,Crystal,1194,0,a2584f63c1f057b6364d3a749d85f822_2e97c13fdd593d15d543093f8a37b6f0fc0.jpg?1734863147,Crystal,369,0,DRG
F'zula Alleal,8158413,219,214,Faerie,Aether,1186,0,dbc8d7057df4d58738303da52483bcfa_0e336ff6ad415f47233f0aaf127feac0fc0.jpg?1734861431,Crystal,149,0,BRD
Emah Sah'mae,20640929,220,215,Midgardsormr,Aether,1168,0,7749b8db0685830b9732b3ea97e5cc16_5c8ecfbc673e1287a9b5e85423fe1657fc0.jpg?1734860166,Crystal,88,0,AST
Roland Eredas,42044478,221,216,Ultros,Primal,1155,0,36d283f3d2f58d5d0783ba3706e725dd_c514cdcdb619439df97d906d4434ccc6fc0.jpg?1734862884,Crystal,268,9,DRG
Garnet Star,735637,222,217,Hyperion,Primal,1122,0,5a645e521f2f0d8d84cd9fef14cf9eef_57ae9ee5592123dd79c8912bf768cf99fc0.jpg?1734861540,Crystal,436,11,NIN
Bonzie Rice,42563875,223,218,Halicarnassus,Dynamis,1122,0,1ebd9289972e6929e32e80360d9c1f5f_f2d324d722b28bbe681b2898bcdca8bffc0.jpg?1734861850,Crystal,126,0,SCH
Rioryk Ragemist,21543495,224,219,Brynhildr,Crystal,1120,0,cce79adff575133981fe5a7ceaf0fe2e_d0a0f515a62457570c9b44997063e3c1fc0.jpg?1734862116,Crystal,165,0,DNC
Rem Tia,45462645,225,220,Seraph,Dynamis,1119,0,55fe277eaf1a07cde798d6e9d499a4d6_07fb0511053f398d1f2d6831e6a6b4c8fc0.jpg?1734863507,Crystal,108,0,AST
Astatine Tesla,5243426,226,221,Excalibur,Primal,1114,0,507053349fad534f591db8dc12d6b047_745baffc465480ed372e274d50318290fc0.jpg?1734863269,Crystal,422,8,FSH
Shuba Dono,43704609,227,233,Adamantoise,Aether,1111,21,a0c17bafae65d503976e3a231681fc34_1f5fd239b885860b7c2bfc72ad1d97effc0.jpg?1734861623,Crystal,333,7,RPR
Lishenna Bloodborne,12882191,228,223,Ultros,Primal,1107,0,99310d0cea042cd2f2464c5e5675b99b_c514cdcdb619439df97d906d4434ccc6fc0.jpg?1734861694,Crystal,482,0,UNK
Kyrilian Lothaire,42462853,229,224,Balmung,Crystal,1106,0,b73e481bc9105d2a8c863a55b4b4de8f_7a573cbc0cda3a3dfc1795cb3d9f7b23fc0.jpg?1734861317,Crystal,365,0,WHM
Astra Arisu,25345751,230,226,Leviathan,Primal,1103,0,a1181415d516f0b63d2df67f2570b751_a91aae52cff9ef65932db06b150ffd47fc0.jpg?1734862366,Crystal,158,0,VPR
Domon Arigato,20772077,231,227,Diabolos,Crystal,1097,0,870eab47af7b410eedd2c2b82eddf928_7b33d33ae3ecb996f778a5f67a6a0af6fc0.jpg?1734862332,Crystal,149,0,WAR
Lux Mas,23065843,232,228,Sargatanas,Aether,1095,0,88a2ca0abf69b95b8d6893d740e04615_ba22853447012a24cee115315d6a5bebfc0.jpg?1734861560,Crystal,491,6,PCT
Draco Damaris,40350683,233,229,Coeurl,Crystal,1095,0,ba1256a6b097afee326e5cb2c99323ef_284358f8eb4efc9095914e46798c6ab3fc0.jpg?1734862549,Crystal,101,0,WAR
Nika Arwing,12407061,234,230,Behemoth,Primal,1093,0,f0ebfd95e843addaab2471d3cb028eb6_be20385e18333edb329d4574f364a1f0fc0.jpg?1734863547,Crystal,109,0,NIN
Alura Loxy,2162825,235,231,Excalibur,Primal,1092,0,e315d16292fbb519de3e89c250386b92_745baffc465480ed372e274d50318290fc0.jpg?1734861978,Crystal,158,5,WHM
Adler Ward,36995326,236,232,Goblin,Crystal,1091,0,6e9f545657c12767790ec0c82b55794b_8e81e2940511f7152ba4462fe53e35b8fc0.jpg?1734860862,Crystal,71,0,WHM
Ldyccine Oo,49442282,237,0,Leviathan,Primal,1089,688,3f212d65e1ccdd5240160e5d77880f03_a91aae52cff9ef65932db06b150ffd47fc0.jpg?1734861307,Crystal,99,11,SCH
Mentally Unhinged,38767706,238,234,Goblin,Crystal,1087,0,ee59d5398508f639f35d9ff91d439fb0_8e81e2940511f7152ba4462fe53e35b8fc0.jpg?1734863210,Crystal,316,8,UNK
Kara Tipalander,35962063,239,235,Coeurl,Crystal,1080,0,678686b96822d0e97d7564cda5074d50_284358f8eb4efc9095914e46798c6ab3fc0.jpg?1734862417,Crystal,190,0,PLD
Jb Faintsmile,26531329,240,236,Sargatanas,Aether,1070,0,06ce70418d937bc0981888228b59abd8_ba22853447012a24cee115315d6a5bebfc0.jpg?1734862604,Crystal,276,9,GNB
Yui Fins,46861659,241,263,Adamantoise,Aether,1016,108,477904411f28cfd029518422146e02f0_1f5fd239b885860b7c2bfc72ad1d97effc0.jpg?1734861077,Crystal,740,9,DNC
Ajisai Sorano,7779796,242,237,Lamia,Primal,1016,0,742c314aec62f1bf6c7c525c9cd64e78_4d9be17b5e1edc617052b4dbf4007875fc0.jpg?1734862798,Crystal,90,0,RDM
Aladar Treestar,32068668,243,238,Gilgamesh,Aether,1012,0,1f126439059abe182df3bc2db56711fb_b937560c841465f7c4bc8eb47ea7948afc0.jpg?1734860749,Crystal,597,14,MNK
Nyan Ski,47388592,244,239,Hyperion,Primal,1007,0,bf2c4be09fa59ce6586664a7b78589cf_57ae9ee5592123dd79c8912bf768cf99fc0.jpg?1734861483,Crystal,214,0,WAR
Lu'a Wulf,46157334,245,240,Rafflesia,Dynamis,1002,0,d761bfbf9593c7aeca6279961a1288a5_2783886613347a4db0bed7524de1298ffc0.jpg?1734860512,Crystal,156,0,MNK
Emran Khan,32418752,246,242,Brynhildr,Crystal,997,0,a4e8a9e73843c4ee4d002c33dc528696_d0a0f515a62457570c9b44997063e3c1fc0.jpg?1734863565,Crystal,110,0,DRG
Shannon Le-turtle,39536399,247,243,Seraph,Dynamis,996,0,e571ca9c826cb66d6fa7846b5d384a46_07fb0511053f398d1f2d6831e6a6b4c8fc0.jpg?1734863256,Crystal,360,0,SAM
Celliera Yomi,32552880,248,244,Goblin,Crystal,995,0,2202de5ba41f9a379cc3dce47060cb43_8e81e2940511f7152ba4462fe53e35b8fc0.jpg?1734861878,Crystal,91,0,BLM
What's Poppin',35920949,249,245,Sargatanas,Aether,994,0,e925cab28d00c2a027eab98d68d0236b_ba22853447012a24cee115315d6a5bebfc0.jpg?1734860193,Crystal,218,0,RPR
Raphtalia Solari,8126326,250,246,Adamantoise,Aether,994,0,baeca36f0f50dbb796496ea18e58ee30_1f5fd239b885860b7c2bfc72ad1d97effc0.jpg?1734861498,Crystal,151,0,SGE
Raye Raye,8823682,251,247,Gilgamesh,Aether,993,0,a6bfc24f04bd2330dcfe60b6c2023ef8_b937560c841465f7c4bc8eb47ea7948afc0.jpg?1734862740,Crystal,149,13,WHM
Rawr Xd,42033928,252,249,Coeurl,Crystal,987,0,69e8ffce4adbe43a3ff1338b9a577694_284358f8eb4efc9095914e46798c6ab3fc0.jpg?1734863269,Crystal,239,0,SCH
Rivette Moks,11761838,253,250,Balmung,Crystal,983,0,483eb1c1ea94a3300b3a16a17aaf6a51_7a573cbc0cda3a3dfc1795cb3d9f7b23fc0.jpg?1734861609,Crystal,119,0,PCT
Zenku Exe,719417,254,251,Excalibur,Primal,982,0,fc66aaf24a6d9bf85488e886ec301758_745baffc465480ed372e274d50318290fc0.jpg?1734861158,Crystal,158,17,MNK
P'nche Gato,47052030,255,252,Exodus,Primal,979,0,ac63394a6ee6fb7e154af40cfb8e499e_0cdf051c93865faa15cbc5cd3d2b69fbfc0.jpg?1734860896,Crystal,76,0,SAM
Veri Luominen,55705450,256,253,Lamia,Primal,976,0,950efa363fdbeeb92977c51680813524_4d9be17b5e1edc617052b4dbf4007875fc0.jpg?1734863245,Crystal,79,0,WHM
Ashri Muran'khana,33095352,257,254,Gilgamesh,Aether,975,0,908a9ede0dccc29fa68ffdd5a275b1c6_b937560c841465f7c4bc8eb47ea7948afc0.jpg?1734863366,Crystal,372,0,UNK
Salem Amata,31528908,258,255,Balmung,Crystal,974,0,08ad0b718b17e2b0f362d5e483607558_7a573cbc0cda3a3dfc1795cb3d9f7b23fc0.jpg?1734861201,Crystal,264,0,SGE
Suho Thamasa,29478863,259,256,Hyperion,Primal,969,0,5a1f26eb5676742192b41e767e7e2071_57ae9ee5592123dd79c8912bf768cf99fc0.jpg?1734862745,Crystal,232,0,RDM
Auro Xhula,32476104,260,257,Mateus,Crystal,945,0,cb1ea5d2f36c5f818b332e593f02a3d4_f0c52cc66e124fc2e641d7c21ab2ce79fc0.jpg?1734862185,Crystal,345,2,MCH
Noel Kanto,5201676,261,258,Brynhildr,Crystal,927,0,c7f99603b6e09c43470bbabaed203add_d0a0f515a62457570c9b44997063e3c1fc0.jpg?1734863381,Crystal,202,0,DRK
Zoriya Fellthorne,31425606,262,259,Ultros,Primal,926,0,8975aa02a1b9ec6ae414b2555d2b98f5_c514cdcdb619439df97d906d4434ccc6fc0.jpg?1734862989,Crystal,182,0,RDM
Snow Fields,15857657,263,260,Mateus,Crystal,921,0,1d730aadec62bab75af28061bae7b8b2_f0c52cc66e124fc2e641d7c21ab2ce79fc0.jpg?1734860336,Crystal,124,0,WVR
Lein Hart,25354707,264,261,Jenova,Aether,921,0,07798dc3260687e7d1beef9bf9430616_ce736afe35e2ded4e46c4fd0659aef7efc0.jpg?1734862603,Crystal,70,0,DRK
Judas Demaio,7957583,265,262,Balmung,Crystal,916,0,802e8b947615ba3fa10ac8d8e4fb1ebf_7a573cbc0cda3a3dfc1795cb3d9f7b23fc0.jpg?1734862629,Crystal,105,0,UNK
Somroch Drake,29483212,266,264,Excalibur,Primal,908,0,9c37e22534024dd3ec0610ebb4c915bd_745baffc465480ed372e274d50318290fc0.jpg?1734862738,Crystal,222,0,WAR
Strolling Sapling,2190135,267,265,Sargatanas,Aether,899,0,5d14cd48e3d1d7f1c24bec20f7a98be4_ba22853447012a24cee115315d6a5bebfc0.jpg?1734860143,Crystal,225,1,MIN
Micro Plastics,54701106,268,266,Balmung,Crystal,898,0,9cc6ee9a6172ca0ca7dfad5b875ff62b_7a573cbc0cda3a3dfc1795cb3d9f7b23fc0.jpg?1734860892,Crystal,78,0,DNC
Eri Mitty,41348459,269,267,Adamantoise,Aether,897,0,cc3717bc9d9d5c90534918043bb3ba56_1f5fd239b885860b7c2bfc72ad1d97effc0.jpg?1734861830,Crystal,130,0,DRK
Alana Mystranquil,38447772,270,268,Coeurl,Crystal,894,0,a3b4e0628a97b6c3941d78fd1af36b81_284358f8eb4efc9095914e46798c6ab3fc0.jpg?1734862398,Crystal,100,1,RDM
Remnant Riolet,39432557,271,269,Goblin,Crystal,889,0,c0bcfba2be60ed655445550893fd7940_8e81e2940511f7152ba4462fe53e35b8fc0.jpg?1734862677,Crystal,113,0,SGE
Luna Lenio,48370229,272,270,Lamia,Primal,888,0,099ef94c9bd9e65a9737348c80546704_4d9be17b5e1edc617052b4dbf4007875fc0.jpg?1734860915,Crystal,281,0,RPR
Cj Deux,23394493,273,271,Lamia,Primal,885,0,64702aeefa55d2931c531ddadd7964ea_4d9be17b5e1edc617052b4dbf4007875fc0.jpg?1734860290,Crystal,199,4,NIN
Orea Brador,33963035,274,272,Exodus,Primal,880,0,de652fddceae1de60684077d0d5922e4_0cdf051c93865faa15cbc5cd3d2b69fbfc0.jpg?1734863343,Crystal,172,0,BRD
Shiki Shizuki,37460112,275,273,Gilgamesh,Aether,879,0,99a49a5cc34183937ee33f874986ab37_b937560c841465f7c4bc8eb47ea7948afc0.jpg?1734861939,Crystal,191,0,NIN
Odarbil Angulo,37211063,276,274,Leviathan,Primal,879,0,2acb2213c575980c295b3ff38fd216c2_a91aae52cff9ef65932db06b150ffd47fc0.jpg?1734862025,Crystal,96,0,UNK
Sadimaru Niresong,14817876,277,275,Ultros,Primal,846,0,a2f8756fcbb7cf749af802eb369bbdd4_c514cdcdb619439df97d906d4434ccc6fc0.jpg?1734863673,Crystal,136,0,DRG
Nia Yukumo,22530343,278,276,Lamia,Primal,820,0,41fe576462de4cc12ab76d6d29ef58e4_4d9be17b5e1edc617052b4dbf4007875fc0.jpg?1734863212,Crystal,239,0,PCT
Esper Esso,28009419,279,277,Sargatanas,Aether,813,0,fef845b126f0f72e845d901306691d66_ba22853447012a24cee115315d6a5bebfc0.jpg?1734863546,Crystal,126,0,SGE
Chile Mango,7219005,280,278,Midgardsormr,Aether,809,0,bb020a9c79bd14c1a9689a5d75a802c7_5c8ecfbc673e1287a9b5e85423fe1657fc0.jpg?1734863341,Crystal,459,5,BLM
Shinobu Hideyoshi,46399211,281,0,Gilgamesh,Aether,804,104,832010115e34877f83ce4a53cdae4bc4_b937560c841465f7c4bc8eb47ea7948afc0.jpg?1734863136,Crystal,297,13,DRK
Dyne Diamond,46854715,282,0,Midgardsormr,Aether,802,97,58d50ce3e34bcf328be20570d6ee5aa7_5c8ecfbc673e1287a9b5e85423fe1657fc0.jpg?1734861769,Crystal,129,1,WHM
Zyl Tsujirie,15186036,283,279,Cactuar,Aether,800,0,ca7c092874dc6fe39bb67a657160dbc2_96ab1df8877c1f8ba6a89a39cccfd437fc0.jpg?1734862550,Crystal,257,0,PLD
Mahdi Welter,4561367,284,0,Brynhildr,Crystal,798,123,9fc82b0a5d2c888ff4cf7347587a255b_d0a0f515a62457570c9b44997063e3c1fc0.jpg?1734863370,Crystal,103,12,WAR
Mibu Naekiri,14145440,285,280,Balmung,Crystal,796,0,3f412225cf2dcbb42aa1462ee88a2e61_7a573cbc0cda3a3dfc1795cb3d9f7b23fc0.jpg?1734861971,Crystal,144,0,NIN
Bjornn Elkin,25899253,286,281,Exodus,Primal,796,0,f31b7603d93f2d1ef8288ac918d587ad_0cdf051c93865faa15cbc5cd3d2b69fbfc0.jpg?1734861224,Crystal,103,0,SMN
Maya Peanits,29202491,287,282,Sargatanas,Aether,795,0,960d9499704935997ec21dbdf1eecb6f_ba22853447012a24cee115315d6a5bebfc0.jpg?1734862602,Crystal,139,0,NIN
Azure End,37763645,288,283,Rafflesia,Dynamis,793,0,1c46eea6b2f03c8c1102dd5748d1c7fc_2783886613347a4db0bed7524de1298ffc0.jpg?1734862229,Crystal,115,0,DRG
Rion Cousland,29846500,289,285,Excalibur,Primal,790,0,0afa2f6924c7a2aa1ff74ce7e9328201_745baffc465480ed372e274d50318290fc0.jpg?1734863091,Crystal,347,0,SGE
Send Noodles,14567509,290,286,Exodus,Primal,789,0,741fc5a3ac6461140f73c44b72c03263_0cdf051c93865faa15cbc5cd3d2b69fbfc0.jpg?1734862891,Crystal,236,0,SMN
Anime Animeanimeanime,44096228,291,0,Seraph,Dynamis,789,789,f07599df66fb4c85f11b46706eba7b51_07fb0511053f398d1f2d6831e6a6b4c8fc0.jpg?1734861832,Crystal,124,35,RDM
Freiha Fhirnnea,22111036,292,287,Balmung,Crystal,786,0,14142343d7373040e61fce61e800c0b8_7a573cbc0cda3a3dfc1795cb3d9f7b23fc0.jpg?1734862026,Crystal,77,0,VPR
Victor Riteburn,28316595,293,288,Goblin,Crystal,783,0,461d331540c91a0a36bf9ad40ebf448e_8e81e2940511f7152ba4462fe53e35b8fc0.jpg?1734860333,Crystal,272,0,WHM
Xianra Bryne,4015592,294,0,Excalibur,Primal,780,365,770b7228e5d013ae3146fc6330b9b756_745baffc465480ed372e274d50318290fc0.jpg?1734862274,Crystal,285,4,SGE
Ash Ymir,50182260,295,289,Mateus,Crystal,778,0,571648c27d0568207bb3ebea02244e4e_f0c52cc66e124fc2e641d7c21ab2ce79fc0.jpg?1734861355,Crystal,350,7,SAM
Judge Id-leon,3328423,296,290,Lamia,Primal,777,0,5089e878385d3dc49b91c157a5d7eefa_4d9be17b5e1edc617052b4dbf4007875fc0.jpg?1734861637,Crystal,492,0,WHM
Reines Lithespes,35731453,297,291,Exodus,Primal,774,0,b3aef687c204ad3ff192d0a88ed8ca00_0cdf051c93865faa15cbc5cd3d2b69fbfc0.jpg?1734860284,Crystal,218,0,PCT
Oerba Fang,13248730,298,292,Sargatanas,Aether,772,0,ad04e71ce929b5285a84bb7759b47b33_ba22853447012a24cee115315d6a5bebfc0.jpg?1734861843,Crystal,80,0,NIN
Eloza Ketsch,8667845,299,293,Malboro,Crystal,771,0,4414bb689fd8033d67e6821653f9a232_2e97c13fdd593d15d543093f8a37b6f0fc0.jpg?1734861801,Crystal,287,0,MNK
Jamsei Okeya,31413561,300,294,Lamia,Primal,743,0,235feba1d5a1c9e4bb92c1984de9a162_4d9be17b5e1edc617052b4dbf4007875fc0.jpg?1734863079,Crystal,171,0,PLD
O'yalamo Cirha,41324177,1,0,Asura,Mana,5780,0,e61af5f6a0e8669fc12711f49fa9bf9a_53f1445a9f28799a32ea55f046319fc3fc0.jpg?1734862142,Crystal,394,4,DRK
Faye Previn,13381108,2,0,Bahamut,Gaia,5445,63,d5828365b65c74d42decb2054de789d6_86da943caa70c8694707ab2ff74e68c9fc0.jpg?1734863523,Crystal,275,8,SAM
Vivi Ann,4766157,3,0,Kujata,Elemental,5435,102,9543e197b2faf03aa21058f9deedc408_72c48f093f2278ac3243962d3eb6a8d7fc0.jpg?1734861190,Crystal,275,1,WHM
Kappi Scarlet,11922639,4,0,Asura,Mana,5250,0,820f32c739a02029fdacf6c96cbf1fa4_53f1445a9f28799a32ea55f046319fc3fc0.jpg?1734861925,Crystal,468,6,AST
Death Bringer,42589754,5,0,Asura,Mana,5165,0,605c543ad4053338807ead77553c263b_53f1445a9f28799a32ea55f046319fc3fc0.jpg?1734863391,Crystal,495,11,AST
Snowsky Moon,2059832,6,0,Ramuh,Meteor,5082,80,d677aed2c8ed7871988ad78b3453969b_410ddb5a66a2fcacf538bec5ea5d0291fc0.jpg?1734862952,Crystal,204,9,PLD
Pelo Ya,40884353,7,0,Bahamut,Gaia,4907,0,dcd458c3fe6e98d82ec0fcf4f3129641_86da943caa70c8694707ab2ff74e68c9fc0.jpg?1734860527,Crystal,464,10,NIN
Hase Schwarzer,17348743,8,0,Ifrit,Gaia,4850,0,9f1d5def954b7eaa9bbc2dbbbc03685c_f9f796348bc43067c7242ec4551cde69fc0.jpg?1734863252,Crystal,596,12,WAR
Lazulim Langheim,1644495,9,0,Ultima,Gaia,4817,0,997660bb7160cf32fb6806926222d151_9df1b3cb0da35db33c17ef11ddf12adafc0.jpg?1734863413,Crystal,316,13,WAR
Noin Kurial,23981966,10,13,Asura,Mana,4747,197,83830f722858537d3bbdd6afabacaa3d_53f1445a9f28799a32ea55f046319fc3fc0.jpg?1734860752,Crystal,202,2,BRD
Konegai Konegai,3277232,11,10,Masamune,Mana,4708,0,3a445dba3d4d2882c60b55a59669971b_134930215abb8a90ec37d6cc05b05e08fc0.jpg?1734860710,Crystal,513,1,PLD
Zana'tan Stratos,7600570,12,11,Shinryu,Meteor,4683,0,e3525c189345468c5a9b4b37cf4fcd3e_87b7d447f40b06dfc7228caf195f7dcffc0.jpg?1734861740,Crystal,234,9,WHM
Flame Lieutenant,27336347,13,12,Carbuncle,Elemental,4642,0,d0817be17ae2ce45486a2e26ae5d06d6_9eb3c19866f7ae0eeeffac7bf770aba5fc0.jpg?1734863052,Crystal,368,0,AST
Ichi Nose,47690935,14,0,Anima,Mana,4519,0,e5763e50c78b581d893e30d828f47fa1_2f698530a28d671d20278c8518c804c9fc0.jpg?1734860476,Crystal,725,18,RPR
Emil Sarasun,7191072,15,0,Asura,Mana,4499,0,052a2527c0dee23533f8162c40d66898_53f1445a9f28799a32ea55f046319fc3fc0.jpg?1734862660,Crystal,188,0,PLD
Kuma Kumaara,22850510,16,0,Garuda,Elemental,4492,0,843f7a3e584daa3b1153a95b6856ff3d_fcb1f5b0249d1069e5bdc66d0796f26afc0.jpg?1734863166,Crystal,280,14,UNK
Myomyo Russel,31906659,17,0,Durandal,Gaia,4422,0,d38239c5e32915d54a47cbf3dce202dd_806ea5b45071d5cd6bf393e38462ee71fc0.jpg?1734860778,Crystal,456,0,VPR
Alicia Chevalier,4677043,18,0,Ultima,Gaia,4418,0,c9d0bee431466dffcf8032e6d5e6e355_9df1b3cb0da35db33c17ef11ddf12adafc0.jpg?1734863258,Crystal,263,2,PCT
Rya Myosotisy,44244496,19,0,Asura,Mana,4343,0,d39af5863481d80b66f4fe05bf80d003_53f1445a9f28799a32ea55f046319fc3fc0.jpg?1734860875,Crystal,693,27,DNC
Chiaki Gypsophila,3224896,20,0,Anima,Mana,4321,0,0c1c9b9742117c64cf36776db0d75c97_2f698530a28d671d20278c8518c804c9fc0.jpg?1734862805,Crystal,368,2,RPR
Nahctliht Slafsunnsyn,43487564,21,0,Ultima,Gaia,4249,0,5a8624b391fdda14ae66cad5565dea4d_9df1b3cb0da35db33c17ef11ddf12adafc0.jpg?1734862649,Crystal,245,0,SCH
Sato Zero,27764007,22,0,Kujata,Elemental,4246,0,0cc0fa67d99999ac6cb68e2460f91395_72c48f093f2278ac3243962d3eb6a8d7fc0.jpg?1734863337,Crystal,389,13,AST
Okome Justice,30080245,23,0,Fenrir,Gaia,4211,0,c4503560f3bc1a1b2af9707bccab10ff_d384cf5ad7db803f29799f36ebbc3eadfc0.jpg?1734862718,Crystal,358,0,NIN
Yurugi Koyurugi,29769522,24,0,Belias,Meteor,4205,0,ce65dfc48d522a7a126208d94cdc2852_894c4bd0beab2e2beb44b74f4c4bd206fc0.jpg?1734862955,Crystal,375,6,DRK
Kinaco Daihuku,22008138,25,40,Typhon,Elemental,4198,384,2b5c3b053fccabd2702e0b4aedd16ed5_32d8c9c7cd5f62d62da2d31b6750a680fc0.jpg?1734863155,Crystal,305,17,SGE
Valentine Cypher,44352394,26,25,Unicorn,Meteor,4165,0,2b7d809c523c91126ba40d08c65f05d0_393eb74047bb90c8d80dea54218430eefc0.jpg?1734863139,Crystal,149,0,UNK
Catpicture Monster,31521958,27,26,Asura,Mana,4128,0,98721582c7babddeba50678107854b5d_53f1445a9f28799a32ea55f046319fc3fc0.jpg?1734861309,Crystal,339,0,WAR
Aries San,12460047,28,27,Tiamat,Gaia,4083,0,00a39e6a3c0cb6e9529ffdf15a10dadb_9f10d335198e90990f3437c5733468e7fc0.jpg?1734860797,Crystal,260,0,SGE
Jay Eins,3930926,29,28,Chocobo,Mana,4083,0,31d212c5602873cad51c02ca3a1707f4_781d6b3603312f6be41670afa37282e0fc0.jpg?1734862885,Crystal,191,0,PLD
Slna Soda,53505346,30,0,Tiamat,Gaia,4076,2295,c47bc59fafbb68082285daeb8ee5504f_9f10d335198e90990f3437c5733468e7fc0.jpg?1734862568,Crystal,339,56,SCH
Tamazu Komatsuzawa,25052648,31,29,Anima,Mana,4067,0,c7b14ef88443ab85ce1d1b8b48b63538_2f698530a28d671d20278c8518c804c9fc0.jpg?1734863644,Crystal,353,2,AST
Ria Scarlet,34869665,32,30,Tiamat,Gaia,4056,0,0f1e2aa671e8a2d6e619dc0389ac38b8_9f10d335198e90990f3437c5733468e7fc0.jpg?1734863009,Crystal,652,0,MNK
Nemuko Makura,22952337,33,31,Durandal,Gaia,4042,0,2de9ba12432dbfa0962543bd77521100_806ea5b45071d5cd6bf393e38462ee71fc0.jpg?1734862882,Crystal,407,2,SCH
Paker Zuka,35106373,34,32,Bahamut,Gaia,4014,0,1dfba22310e23cd21bd3a7481bf928e1_86da943caa70c8694707ab2ff74e68c9fc0.jpg?1734861865,Crystal,318,9,BLM
Kkamong E',55524084,35,33,Asura,Mana,4008,0,71277e579e5ac3c40b6acc547abff45f_53f1445a9f28799a32ea55f046319fc3fc0.jpg?1734862570,Crystal,378,17,AST
Hime Cat,5343193,36,34,Anima,Mana,3983,0,ca9ba375bc2dc2d3a743253448109c5b_2f698530a28d671d20278c8518c804c9fc0.jpg?1734861646,Crystal,662,22,BRD
Hateful Past,26237856,37,35,Asura,Mana,3887,0,ed0c8f5d7b00b4c718fd834e96efdd7e_53f1445a9f28799a32ea55f046319fc3fc0.jpg?1734860955,Crystal,511,0,PLD
K's Velocity,26778058,38,36,Fenrir,Gaia,3854,0,7cab462f0d4845107bc501bb2edbbcb3_d384cf5ad7db803f29799f36ebbc3eadfc0.jpg?1734860551,Crystal,411,8,DRG
Piki Pipiki,8459836,39,37,Pandaemonium,Mana,3851,0,07112b7f9fb0ad527f72a0bb016292b8_470db1bf2e865f9130531fea40b61ee4fc0.jpg?1734863430,Crystal,333,0,WHM
Natsume Seiran,7782714,40,80,Pandaemonium,Mana,3846,764,6a14c3400cb730fdf56fc1e9db86b73e_470db1bf2e865f9130531fea40b61ee4fc0.jpg?1734863575,Crystal,168,14,RDM
Accelerator Xiv,1058666,41,38,Masamune,Mana,3844,0,08f441a7cc3b927d28faf90a07168acd_134930215abb8a90ec37d6cc05b05e08fc0.jpg?1734862883,Crystal,916,43,BLM
Sorin Maki,53900927,42,39,Durandal,Gaia,3828,0,b0d4570e39585eb6b5ba7458ff8781a7_806ea5b45071d5cd6bf393e38462ee71fc0.jpg?1734861729,Crystal,1411,13,RPR
Ritsu Nikuno,23932877,43,41,Alexander,Gaia,3812,0,5ce857706fb6e7f76dd30d1ef38e16f7_b7a71d8799cf6dd75b711a7f52de6675fc0.jpg?1734861885,Crystal,453,0,SCH
Rein Asshe,17170082,44,42,Ultima,Gaia,3796,0,f9ab83c24ecb748f4dad2b1415364524_9df1b3cb0da35db33c17ef11ddf12adafc0.jpg?1734861068,Crystal,218,7,GNB
Fortune Zabeth,4766544,45,47,Valefor,Meteor,3782,97,6eaa734b076cb7382e9fbf9a9743baf2_485f4777c38002871591fb54f27edc65fc0.jpg?1734863721,Crystal,326,8,SCH
Tsuchi Tsuki,39089046,46,106,Bahamut,Gaia,3759,687,032858264c706c6341f57dbef9e86da1_86da943caa70c8694707ab2ff74e68c9fc0.jpg?1734863630,Crystal,559,16,SCH
Viiii Lesss,21443902,47,43,Asura,Mana,3759,0,0dfb28316a1f8b3071a599b68769dc14_53f1445a9f28799a32ea55f046319fc3fc0.jpg?1734862198,Crystal,438,0,PLD
Sura Imo,25164389,48,44,Shinryu,Meteor,3758,0,d2cd07ab0f766e9dd870046dcc7fae97_87b7d447f40b06dfc7228caf195f7dcffc0.jpg?1734862133,Crystal,191,6,SCH
Atai Ikuyo,4875570,49,63,Titan,Mana,3756,293,12a0ba7f14e1c5c5942f18c9c8e760b2_e2bb3f9679fec6d4836fcf8abcc3eeacfc0.jpg?1734862451,Crystal,356,3,RPR
Frim Baron,22197494,50,88,Ramuh,Meteor,3755,481,06f344330ff4d410ad1e4b4f1c3cffaf_410ddb5a66a2fcacf538bec5ea5d0291fc0.jpg?1734861904,Crystal,148,7,SCH
Hakuto Leonard,4360852,51,66,Alexander,Gaia,3748,294,ce1414dce9b6aeb1f328bdf4840938bf_b7a71d8799cf6dd75b711a7f52de6675fc0.jpg?1734861832,Crystal,352,13,DNC
San Sowa,35604125,52,45,Ridill,Gaia,3738,0,c5fbf3709fd6b4c8fba74f67e0820609_138751880f18161a907d7cf0faa43f07fc0.jpg?1734860419,Crystal,473,0,UNK
Smol Stingray,34381085,53,46,Bahamut,Gaia,3729,0,460d13c62f024c5ce7a38a5cf1d0dd3f_86da943caa70c8694707ab2ff74e68c9fc0.jpg?1734861930,Crystal,463,0,AST
Poko Petra,12540321,54,48,Mandragora,Meteor,3633,0,487327b23b5f0c1f8eb0fadb1b1528cb_ee738654add55c3d07ea92d8e108074cfc0.jpg?1734862494,Crystal,363,0,PCT
Aldebaran Pleiades,25123049,55,49,Ridill,Gaia,3623,0,05fbf4999afb4b747a5342373679f77f_138751880f18161a907d7cf0faa43f07fc0.jpg?1734860226,Crystal,471,11,WAR
Hinjaku Bode,2327745,56,68,Tiamat,Gaia,3620,197,d5176e7560d6eb66eee687512b7a02a3_9f10d335198e90990f3437c5733468e7fc0.jpg?1734860126,Crystal,360,4,RPR
Zsika Mu',18898369,57,93,Ridill,Gaia,3612,397,ed7f8569bf4537dfd9f2ea953ad59e8a_138751880f18161a907d7cf0faa43f07fc0.jpg?1734861317,Crystal,232,13,UNK
Satosan Fiftysix,26440218,58,50,Typhon,Elemental,3576,0,0b17719ebd757aaebd8ff00d5d1bd6f5_32d8c9c7cd5f62d62da2d31b6750a680fc0.jpg?1734862049,Crystal,327,0,DRG
Silver Fish,1685472,59,51,Tiamat,Gaia,3565,396,d120e5c883044c27e047d03a08d44f81_9f10d335198e90990f3437c5733468e7fc0.jpg?1734861069,Crystal,296,13,RPR
Merry Scrald,11886780,60,52,Belias,Meteor,3560,0,7bfbd82582fd003bc514339935d874a7_894c4bd0beab2e2beb44b74f4c4bd206fc0.jpg?1734863305,Crystal,255,7,WAR
Cocoa Cake,50319528,61,79,Alexander,Gaia,3552,190,dda23453a743726c59efc0905d79624e_b7a71d8799cf6dd75b711a7f52de6675fc0.jpg?1734862236,Crystal,182,25,MNK
Karma Strife,3816037,62,53,Chocobo,Mana,3537,0,7a25293b17ff84c0c64a519d1fc09720_781d6b3603312f6be41670afa37282e0fc0.jpg?1734862310,Crystal,486,14,MNK
Lavian Rose,2349918,63,54,Masamune,Mana,3537,0,09849e55402c8824516293481a4b79c5_134930215abb8a90ec37d6cc05b05e08fc0.jpg?1734860890,Crystal,330,10,SAM
K' R',8489348,64,55,Chocobo,Mana,3533,5,38834b79bf39846f80b605b4a592c2eb_781d6b3603312f6be41670afa37282e0fc0.jpg?1734863687,Crystal,612,14,AST
Ange Ciliegio,1686962,65,56,Atomos,Elemental,3526,0,59e7fb02c5fc2af8111364635f319ae2_cf768a751b1f5e355c2fd39a9ed91f3ffc0.jpg?1734861030,Crystal,365,0,UNK
Neko Thinker,10165797,66,57,Ixion,Mana,3525,0,2b9ca45967dbc2947f8729dce6215a2d_7126768d768f6c6c7fed3eaee98c3a8afc0.jpg?1734860631,Crystal,207,3,WHM
Ciel Cocco,27192023,67,58,Anima,Mana,3513,0,05df3829299dc9e3c4ba0bceb512525a_2f698530a28d671d20278c8518c804c9fc0.jpg?1734862669,Crystal,176,1,MNK
Gyuu Chan,14711858,68,59,Unicorn,Meteor,3504,0,ce8258abaef1ecebe73944a164e973e8_393eb74047bb90c8d80dea54218430eefc0.jpg?1734862602,Crystal,539,3,RPR
White Kagerou,3332749,69,60,Ifrit,Gaia,3503,0,c0a3e2364034ff7401f13d1a617d906e_f9f796348bc43067c7242ec4551cde69fc0.jpg?1734863537,Crystal,714,0,PCT
Nanami Arihara,35161937,70,61,Titan,Mana,3487,0,9f5f198e9c2341a41eed553d6eb68a03_e2bb3f9679fec6d4836fcf8abcc3eeacfc0.jpg?1734861404,Crystal,246,0,WAR
Kama Chann,26335544,71,62,Kujata,Elemental,3478,0,199f1aa09a06eb6b32802bbd55d7a9eb_72c48f093f2278ac3243962d3eb6a8d7fc0.jpg?1734862463,Crystal,288,0,UNK
Yuu Helios,23849959,72,77,Masamune,Mana,3464,100,621be8ae90f402bfd955c8842e0c37d5_134930215abb8a90ec37d6cc05b05e08fc0.jpg?1734860409,Crystal,351,1,UNK
Yan Yan,3182501,73,64,Alexander,Gaia,3460,0,5cd079575de2bd01f87a188c93738695_b7a71d8799cf6dd75b711a7f52de6675fc0.jpg?1734863709,Crystal,622,19,NIN
Stardust Reverie,15532262,74,65,Chocobo,Mana,3457,0,f2473efbadc1a5cd34105da742c604ec_781d6b3603312f6be41670afa37282e0fc0.jpg?1734863622,Crystal,262,3,AST
Alev Ue,46030616,75,67,Bahamut,Gaia,3437,0,cdd278ec7274c3a04f790d4954079c53_86da943caa70c8694707ab2ff74e68c9fc0.jpg?1734863126,Crystal,218,0,AST
Jawa San,3768644,76,69,Titan,Mana,3423,0,6dc7f48778a077c0339870e942a79f2e_e2bb3f9679fec6d4836fcf8abcc3eeacfc0.jpg?1734861571,Crystal,221,13,NIN
Kuno Cadenzavnaeve,42178142,77,70,Ifrit,Gaia,3419,0,85baa25ca299e93ef56226f40814f03b_f9f796348bc43067c7242ec4551cde69fc0.jpg?1734863393,Crystal,252,0,FSH
God Moai,4474924,78,71,Atomos,Elemental,3412,0,05f6a7a1f7ee2f6b156d711777e8411f_cf768a751b1f5e355c2fd39a9ed91f3ffc0.jpg?1734863582,Crystal,424,0,SAM
Kite Free,28865954,79,72,Kujata,Elemental,3408,0,b602646591e3d050094503c65590ee4c_72c48f093f2278ac3243962d3eb6a8d7fc0.jpg?1734863563,Crystal,181,0,AST
Gilbert Nightray,24734269,80,73,Tiamat,Gaia,3403,0,2d735fa31b5cfcc7eabaae1839d0b731_9f10d335198e90990f3437c5733468e7fc0.jpg?1734862991,Crystal,202,0,NIN
Poko Mako,43161519,81,74,Mandragora,Meteor,3394,0,6254475e27c450f9a0cc7396368cd49d_ee738654add55c3d07ea92d8e108074cfc0.jpg?1734863486,Crystal,300,0,DNC
Tam Sin,26754914,82,75,Ultima,Gaia,3384,0,4e875947aa4b95d1be857096f32d4ae8_9df1b3cb0da35db33c17ef11ddf12adafc0.jpg?1734862917,Crystal,347,0,SAM
Jawa San,22721829,83,76,Ifrit,Gaia,3378,0,dc43e8a7433b88b833d5cd98116e3cdd_f9f796348bc43067c7242ec4551cde69fc0.jpg?1734862480,Crystal,247,0,AST
Teena Lewis,2553070,84,119,Bahamut,Gaia,3368,398,53366246b477a6a74d51a27aa7146532_86da943caa70c8694707ab2ff74e68c9fc0.jpg?1734861788,Crystal,212,7,AST
Ame Miya',21669590,85,78,Ifrit,Gaia,3362,0,eae9af8df6602fbe67ca7b19fded5d23_f9f796348bc43067c7242ec4551cde69fc0.jpg?1734863178,Crystal,417,10,WAR
Nicole Alto,29493765,86,81,Carbuncle,Elemental,3340,0,a2498d373544544a03c04cf423aad336_9eb3c19866f7ae0eeeffac7bf770aba5fc0.jpg?1734862052,Crystal,183,0,RDM
Shock Grain,1857112,87,82,Mandragora,Meteor,3327,0,adc951ee9d81aa285f960abd237175ca_ee738654add55c3d07ea92d8e108074cfc0.jpg?1734863212,Crystal,301,0,RDM
El' Sha,19335485,88,83,Asura,Mana,3318,0,86739dc8419ed1d9cecc301ce7b5eaf7_53f1445a9f28799a32ea55f046319fc3fc0.jpg?1734863337,Crystal,559,12,GNB
Carol Lucius,3664686,89,84,Anima,Mana,3317,0,1f2f7004dd5d4e3f9f57253a02cac6a0_2f698530a28d671d20278c8518c804c9fc0.jpg?1734863492,Crystal,448,12,AST
Yasai Mokue,3218171,90,85,Unicorn,Meteor,3297,0,91325aef5489633434f6b6afcf959d4f_393eb74047bb90c8d80dea54218430eefc0.jpg?1734861678,Crystal,223,3,CRP
Lizzy Cyan,19860611,91,86,Belias,Meteor,3287,0,4b1685455af2d34d1c994a3342b4e945_894c4bd0beab2e2beb44b74f4c4bd206fc0.jpg?1734862777,Crystal,377,0,UNK
Tina Rilu,19729040,92,87,Garuda,Elemental,3281,0,d2789c8cf5b13d90860d1cf75ac8f3e4_fcb1f5b0249d1069e5bdc66d0796f26afc0.jpg?1734862976,Crystal,129,0,UNK
Rane Rufu,17972098,93,89,Aegis,Elemental,3265,0,d1ef41b1edbd04c77b58eef634272ee6_3ea38e723c590aabf186367e1eb7e6a1fc0.jpg?1734862544,Crystal,300,3,SCH
Mame Poporu,22836070,94,90,Ixion,Mana,3251,0,a886d90317b0e4205db7046757e57e53_7126768d768f6c6c7fed3eaee98c3a8afc0.jpg?1734862584,Crystal,118,0,PCT
Sheryln Diva,37298484,95,91,Garuda,Elemental,3235,0,8f0a469a2b85a45d26c2e4378bca4cc4_fcb1f5b0249d1069e5bdc66d0796f26afc0.jpg?1734863400,Crystal,742,39,SAM
Tea Blue,22003011,96,92,Ultima,Gaia,3231,0,8dbb02429651112846df1b474d603521_9df1b3cb0da35db33c17ef11ddf12adafc0.jpg?1734862719,Crystal,403,0,RPR
Flavia Saurva,29364722,97,115,Chocobo,Mana,3192,186,4a9b8d9e5f338a0c28625b5656567941_781d6b3603312f6be41670afa37282e0fc0.jpg?1734860388,Crystal,318,12,RPR
Mi Co,40470371,98,94,Valefor,Meteor,3185,0,d95291b03ef43ee2b2f36847ecefd9a4_485f4777c38002871591fb54f27edc65fc0.jpg?1734862710,Crystal,310,0,AST
Yurayura Rabbit,52530362,99,95,Tiamat,Gaia,3167,0,ba7a1f83be5f8b42ebc0be9d3c67894c_9f10d335198e90990f3437c5733468e7fc0.jpg?1734862654,Crystal,566,0,SCH
Furanzeska Sumeragi,8414050,100,96,Tonberry,Elemental,3166,0,7300d72d23103eb5494b3e21bf99b3b6_7bb6b1e488f0e4f01c5314d010b60f31fc0.jpg?1734860279,Crystal,283,2,RPR
Aurelia Stratosfera,26527089,101,97,Unicorn,Meteor,3164,0,0ed689683555a9555b96a5599288d4a1_393eb74047bb90c8d80dea54218430eefc0.jpg?1734860721,Crystal,159,0,BLM
Aiya Glacier,31584171,102,98,Bahamut,Gaia,3135,0,20c3a9dcda3f3d171a6154f813c3f6da_86da943caa70c8694707ab2ff74e68c9fc0.jpg?1734861470,Crystal,234,0,AST
Eternal Inferno,16945077,103,99,Chocobo,Mana,3127,0,b0983e2d1daed96586ecaba6e10ddf38_781d6b3603312f6be41670afa37282e0fc0.jpg?1734861858,Crystal,123,0,DRG
Fennel Earltea,21886406,104,100,Typhon,Elemental,3125,0,4e8f23f97ca17b02271d5d67829e204d_32d8c9c7cd5f62d62da2d31b6750a680fc0.jpg?1734861905,Crystal,490,0,SCH
Yaya Valentine,41248367,105,101,Tiamat,Gaia,3112,0,832a93d5c83e295dbe57b1d9bebb49ec_9f10d335198e90990f3437c5733468e7fc0.jpg?1734860636,Crystal,330,1,UNK
Ardlan Vorlesh,45102526,106,102,Asura,Mana,3107,0,04bfc027079d355fc717e8ec9a4b5f9e_53f1445a9f28799a32ea55f046319fc3fc0.jpg?1734861700,Crystal,149,0,DRK
Hikaru Amanogawa,22328800,107,103,Unicorn,Meteor,3089,0,10c9a25326afee4317a56637bf59a2dc_393eb74047bb90c8d80dea54218430eefc0.jpg?1734862454,Crystal,373,4,WHM
Iris Yamao,31576726,108,104,Shinryu,Meteor,3083,0,64c44722ec2c6ff7cfb9ab2e5554b730_87b7d447f40b06dfc7228caf195f7dcffc0.jpg?1734863087,Crystal,253,22,AST
May Mrk,28092659,109,105,Kujata,Elemental,3077,0,88c4cbe9ba095caed57ad6bcbdb19c42_72c48f093f2278ac3243962d3eb6a8d7fc0.jpg?1734863318,Crystal,206,0,NIN
Lido Lado,2223211,110,107,Tonberry,Elemental,3065,0,1dd86a058bfeb2fceaee84ec39d35535_7bb6b1e488f0e4f01c5314d010b60f31fc0.jpg?1734862751,Crystal,572,9,NIN
In Eye,48044389,111,108,Tiamat,Gaia,3051,0,d73eff1b36394a2e8447dd5724356bb0_9f10d335198e90990f3437c5733468e7fc0.jpg?1734862755,Crystal,275,0,AST
Eleanor Shimarute,17293497,112,111,Bahamut,Gaia,3049,16,2d83a52700c6c24b448ee5a1d52bf469_86da943caa70c8694707ab2ff74e68c9fc0.jpg?1734861797,Crystal,517,11,UNK
Oho Shi,9454689,113,109,Mandragora,Meteor,3047,0,442abe6616d9875ae474484767c589fa_ee738654add55c3d07ea92d8e108074cfc0.jpg?1734860865,Crystal,407,8,AST
Zitnn Alexand,10097624,114,110,Belias,Meteor,3044,0,9ba803d5e4d6d11746adc55721fd0c6e_894c4bd0beab2e2beb44b74f4c4bd206fc0.jpg?1734860496,Crystal,539,0,DNC
Antomo Rid,23256133,115,121,Ridill,Gaia,3039,83,43434fbb441dac122f20d3718abe724e_138751880f18161a907d7cf0faa43f07fc0.jpg?1734861753,Crystal,165,9,SCH
Ryo Fujiwara,55564061,116,112,Durandal,Gaia,3033,0,04ea09670a696e2fda7b4273d248435b_806ea5b45071d5cd6bf393e38462ee71fc0.jpg?1734861203,Crystal,350,0,UNK
Desire Drive,5396012,117,113,Yojimbo,Meteor,3030,0,4f60f8a5453f05522e828234043a6edb_4a92c619bde4f34cfa77e05fef21ad85fc0.jpg?1734860733,Crystal,304,5,DNC
Lneed Healing,26291618,118,114,Pandaemonium,Mana,3026,0,894d52f4d85cbce986de8458cbcb7c3f_470db1bf2e865f9130531fea40b61ee4fc0.jpg?1734862482,Crystal,378,0,AST
Aria Noel,1030539,119,137,Anima,Mana,3022,197,c643f10c86a1dec8fe0358a24454dab6_2f698530a28d671d20278c8518c804c9fc0.jpg?1734860937,Crystal,576,10,AST
Crime Clover,42760194,120,239,Chocobo,Mana,3009,784,d07d2c3fd46bf3d7cc839ec0d79908fa_781d6b3603312f6be41670afa37282e0fc0.jpg?1734862346,Crystal,294,38,RDM
Taroe Kobuta,8734523,121,116,Kujata,Elemental,3005,0,821347c202f7d7d6b676bd393bcdfdae_72c48f093f2278ac3243962d3eb6a8d7fc0.jpg?1734861969,Crystal,513,16,PCT
Tsukim Iii,50157597,122,290,Ultima,Gaia,3001,984,f2edeb3450b6edf5ff2c14fa45e9cde5_9df1b3cb0da35db33c17ef11ddf12adafc0.jpg?1734861345,Crystal,180,20,SGE
Hana'ni Narou,55619969,123,117,Bahamut,Gaia,2989,0,6fed23863620c8b715cbb8ea2b38180f_86da943caa70c8694707ab2ff74e68c9fc0.jpg?1734862295,Crystal,560,12,PLD
Inx Chrono,21920611,124,118,Yojimbo,Meteor,2983,0,83c01df24231dda93176c28e69768459_4a92c619bde4f34cfa77e05fef21ad85fc0.jpg?1734863381,Crystal,649,28,MCH
Ena Lucida,46120110,125,120,Valefor,Meteor,2957,0,0d22e7ccb96b881d94b2eaac8c63f55c_485f4777c38002871591fb54f27edc65fc0.jpg?1734863408,Crystal,244,0,WHM
Kon Ganajai,30153993,126,122,Yojimbo,Meteor,2946,0,c4c400194f1226d993c42245f1f4b554_4a92c619bde4f34cfa77e05fef21ad85fc0.jpg?1734863275,Crystal,357,0,SAM
Jaja Kisaragi,29206317,127,123,Hades,Mana,2940,0,93a7c3fcf6814625f94913b9e5117877_a4730651230dd43cb129562a30d531aefc0.jpg?1734863452,Crystal,320,0,RPR
Mary Bloody,43260382,128,124,Zeromus,Meteor,2936,0,0d301bd65fc92beb1b4f7544c1ceebbc_c76848359d0b4d2f37aefbb9903ed97bfc0.jpg?1734860928,Crystal,297,15,SAM
Hamtaro Chan,46534045,129,125,Chocobo,Mana,2919,0,9d32793b40060354e79e3c8ca551f86d_781d6b3603312f6be41670afa37282e0fc0.jpg?1734862042,Crystal,128,0,UNK
Saifa Fair,13847661,130,282,Belias,Meteor,2917,845,723b808cf4dc5927be16a0e80249aa1e_894c4bd0beab2e2beb44b74f4c4bd206fc0.jpg?1734860349,Crystal,338,22,GNB
Mila Scarlett,6352963,131,126,Ifrit,Gaia,2910,0,fff29974da6d3c8e0a99a4807e562f53_f9f796348bc43067c7242ec4551cde69fc0.jpg?1734860681,Crystal,587,11,NIN
Chokobi Liagnar,21253698,132,127,Bahamut,Gaia,2906,0,5c76fed1bbd8e72090d538c4dfcaf96b_86da943caa70c8694707ab2ff74e68c9fc0.jpg?1734860239,Crystal,204,0,SGE
Rumia Alfort,3879182,133,128,Bahamut,Gaia,2906,0,2d925e37c21e72247cff1c461850938c_86da943caa70c8694707ab2ff74e68c9fc0.jpg?1734861601,Crystal,185,0,WAR
Stardust Emilia,25988007,134,129,Fenrir,Gaia,2899,0,b805b54635a07b2d9710df33b9a946aa_d384cf5ad7db803f29799f36ebbc3eadfc0.jpg?1734863148,Crystal,562,39,DRK
Laz Line,24752891,135,130,Typhon,Elemental,2899,0,8162ca0624f1f8214bf9da8339268456_32d8c9c7cd5f62d62da2d31b6750a680fc0.jpg?1734862983,Crystal,257,0,BLM
Tomomomo Momomo,25830708,136,168,Ramuh,Meteor,2896,317,d1b6359fffbcc60e8bddc1120dc05d55_410ddb5a66a2fcacf538bec5ea5d0291fc0.jpg?1734863255,Crystal,241,16,SCH
Vivi Yaction,17365078,137,164,Belias,Meteor,2891,301,934f562aa8094477b4a0cca9f1daf6f5_894c4bd0beab2e2beb44b74f4c4bd206fc0.jpg?1734860979,Crystal,155,3,MCH
Hiyokko Pyonpyon,3393458,138,131,Fenrir,Gaia,2882,0,2d1d5fc295995e6e1a95660c7e31a30b_d384cf5ad7db803f29799f36ebbc3eadfc0.jpg?1734863430,Crystal,395,0,AST
Imperial Medics,853779,139,132,Bahamut,Gaia,2874,0,cd44a6bc3e4796aa22d55bd68e4d125c_86da943caa70c8694707ab2ff74e68c9fc0.jpg?1734861675,Crystal,693,12,SCH
Anzumochi Apricot,32924935,140,133,Durandal,Gaia,2860,0,1ca1a6b980542985bc7d7cf818520e1f_806ea5b45071d5cd6bf393e38462ee71fc0.jpg?1734863663,Crystal,503,0,DRK
Woo Sagi,48124185,141,193,Tiamat,Gaia,2857,406,fe586ea8788e513df1d67171a495994a_9f10d335198e90990f3437c5733468e7fc0.jpg?1734860158,Crystal,301,18,SCH
Ne Mo,52663091,142,134,Kujata,Elemental,2851,0,3bb25d7188cd793f5912237e2f77e3f0_72c48f093f2278ac3243962d3eb6a8d7fc0.jpg?1734860616,Crystal,107,0,PLD
Gappi Tsukihi,6017268,143,135,Garuda,Elemental,2844,0,3774ca4e08d0f3656e9837b76091fc27_fcb1f5b0249d1069e5bdc66d0796f26afc0.jpg?1734861492,Crystal,175,0,SCH
Ran Pe,2517216,144,136,Bahamut,Gaia,2838,0,88f6caefb3080a1883554c04b4bc2a02_86da943caa70c8694707ab2ff74e68c9fc0.jpg?1734862508,Crystal,328,0,AST
Firo Sknaht,27296541,145,179,Bahamut,Gaia,2821,305,30d62e88cfdd08d4cf3a87b542657d3d_86da943caa70c8694707ab2ff74e68c9fc0.jpg?1734862462,Crystal,450,7,MNK
Black' Cat,27132360,146,138,Ifrit,Gaia,2814,0,25f0dd65be1cf71e9e26e0bcc0dc271f_f9f796348bc43067c7242ec4551cde69fc0.jpg?1734861373,Crystal,252,0,NIN
Khelby Trickster,1496735,147,0,Gungnir,Elemental,2804,891,fde8b59fda65550661c58e15a9026a06_8f82f937943b6baf4c565020d5eba0ccfc0.jpg?1734861582,Crystal,126,19,PLD
Haido Hawal,46822975,148,0,Atomos,Elemental,2797,100,addebe7a8f440a3d41bc69472b9ee33e_cf768a751b1f5e355c2fd39a9ed91f3ffc0.jpg?1734860589,Crystal,238,1,NIN
Liberal Agate,8600894,149,191,Chocobo,Mana,2794,333,3aa0f5814f4f0ddb1ad01275253982bc_781d6b3603312f6be41670afa37282e0fc0.jpg?1734863502,Crystal,267,17,NIN
Sophia' Yule,26382957,150,139,Unicorn,Meteor,2781,0,121f584b89f4420ffef15e271fc8c0a3_393eb74047bb90c8d80dea54218430eefc0.jpg?1734861708,Crystal,627,11,UNK
Hal Moonvine,6544837,151,140,Atomos,Elemental,2777,0,0b051eda0b20b820aec68545891c2ce7_cf768a751b1f5e355c2fd39a9ed91f3ffc0.jpg?1734863542,Crystal,142,1,WHM
Lancer Yan,18545180,152,141,Fenrir,Gaia,2762,0,b5d95c2f29f83c258c8ed96425acd32b_d384cf5ad7db803f29799f36ebbc3eadfc0.jpg?1734863266,Crystal,164,0,VPR
Nono Chip,17648169,153,142,Fenrir,Gaia,2747,0,9cc9a5ae068a2d0d8ba451bee581b4e1_d384cf5ad7db803f29799f36ebbc3eadfc0.jpg?1734861729,Crystal,273,8,DRK
Woll Pack,20744019,154,143,Ridill,Gaia,2730,0,6c86e91fb15223c9e2f8c16040f1064f_138751880f18161a907d7cf0faa43f07fc0.jpg?1734863372,Crystal,345,10,PLD
Yuri Lozephilia,8942748,155,144,Belias,Meteor,2727,0,dd91de72586dcb0cd5c269e05096b211_894c4bd0beab2e2beb44b74f4c4bd206fc0.jpg?1734863711,Crystal,284,21,RPR
Elisa Wolframite,18964939,156,145,Hades,Mana,2707,0,5582934bb6b94d50874d7d241225aa74_a4730651230dd43cb129562a30d531aefc0.jpg?1734863144,Crystal,289,0,SAM
Ultan Two,41143829,157,146,Mandragora,Meteor,2700,0,6819ea8d0a7f219b09583511b04121f7_ee738654add55c3d07ea92d8e108074cfc0.jpg?1734863580,Crystal,328,42,GLA
Frost River,1689594,158,147,Fenrir,Gaia,2697,0,89f716161781bfd622691bace594c3ab_d384cf5ad7db803f29799f36ebbc3eadfc0.jpg?1734863429,Crystal,314,17,AST
Akotto Efill,44621988,159,182,Alexander,Gaia,2695,191,1ba1175d6939cc398dd6d0724fd05dec_b7a71d8799cf6dd75b711a7f52de6675fc0.jpg?1734862769,Crystal,235,16,SCH
Agurlius Storea,7438543,160,149,Unicorn,Meteor,2690,0,f7b6d5957e8a78c334d54d4d68540497_393eb74047bb90c8d80dea54218430eefc0.jpg?1734860448,Crystal,94,0,NIN
Liken Liekun,24806613,161,150,Shinryu,Meteor,2678,0,5aa5d27e0f5d07d19980648d6a9c2ba5_87b7d447f40b06dfc7228caf195f7dcffc0.jpg?1734862139,Crystal,753,40,AST
Shion Yuuki,49346072,162,151,Fenrir,Gaia,2678,0,45d2c8e9507fb6132e2774f31fb2918e_d384cf5ad7db803f29799f36ebbc3eadfc0.jpg?1734860882,Crystal,210,0,SGE
Heart Tasty,46598022,163,152,Carbuncle,Elemental,2675,0,e123d70cdd4052c21eadce7b914be18c_9eb3c19866f7ae0eeeffac7bf770aba5fc0.jpg?1734860664,Crystal,243,8,AST
Eternal Elfi,39860188,164,153,Ifrit,Gaia,2671,0,db1f8772414cb2afc3561282dd4a6a5a_f9f796348bc43067c7242ec4551cde69fc0.jpg?1734863065,Crystal,318,17,SCH
Wuruwuru Yaya,19903532,165,159,Asura,Mana,2664,38,c4dcc6326814217e41a2636e5dd8eea3_53f1445a9f28799a32ea55f046319fc3fc0.jpg?1734861286,Crystal,640,17,NIN
Erik Bural,20508529,166,154,Hades,Mana,2655,0,2ca5bed0ca0e49f68c7ca14062e0bacc_a4730651230dd43cb129562a30d531aefc0.jpg?1734863644,Crystal,331,7,AST
Oikawa Kuriko,21437382,167,155,Asura,Mana,2652,0,d882b38889ad43ef61b5086bd33af310_53f1445a9f28799a32ea55f046319fc3fc0.jpg?1734863585,Crystal,154,19,WHM
Nagi Una,24681611,168,257,Fenrir,Gaia,2646,483,9fe17fa86181c712d06da39e3f26d0f6_d384cf5ad7db803f29799f36ebbc3eadfc0.jpg?1734860927,Crystal,237,16,RPR
Hiyori Shiraishi,24817156,169,156,Asura,Mana,2640,0,3691687daa3f491ec2fc2261c2181001_53f1445a9f28799a32ea55f046319fc3fc0.jpg?1734863460,Crystal,221,0,BLM
Enten Yukino,28932643,170,157,Atomos,Elemental,2639,0,7d43fac3611d092c46e02bb4d27a9244_cf768a751b1f5e355c2fd39a9ed91f3ffc0.jpg?1734860227,Crystal,289,12,SAM
Nao Fu,41247403,171,158,Shinryu,Meteor,2629,0,cfc231e11fac22b1fb8d9d27cee48586_87b7d447f40b06dfc7228caf195f7dcffc0.jpg?1734862242,Crystal,245,3,AST
Pucchin Purin,7354553,172,160,Pandaemonium,Mana,2624,0,68d5429c26ec05b2bdfda6492f66dbe0_470db1bf2e865f9130531fea40b61ee4fc0.jpg?1734863375,Crystal,349,0,RDM
Robs Wiz,47501636,173,161,Aegis,Elemental,2616,0,24b0e4e155ae76da2a553003980ac156_3ea38e723c590aabf186367e1eb7e6a1fc0.jpg?1734860604,Crystal,705,12,DRG
Laru Gucchi,4772544,174,184,Durandal,Gaia,2597,97,766e8af080f3aa6e38ee510dee4807b8_806ea5b45071d5cd6bf393e38462ee71fc0.jpg?1734861765,Crystal,166,7,AST
Hal Natalie,19792674,175,162,Belias,Meteor,2593,0,04795d1f7f46d8f019f75112e670981c_894c4bd0beab2e2beb44b74f4c4bd206fc0.jpg?1734862142,Crystal,143,11,NIN
Chiaki Nanami,43953309,176,163,Titan,Mana,2591,0,82751b490967f6572406e72b39592925_e2bb3f9679fec6d4836fcf8abcc3eeacfc0.jpg?1734863334,Crystal,198,2,PCT
Syake Dog-nyan,1616788,177,165,Bahamut,Gaia,2588,0,39b434160e1c215835c854cb7a564018_86da943caa70c8694707ab2ff74e68c9fc0.jpg?1734860377,Crystal,225,4,SCH
Twilight Sakura,40861156,178,166,Durandal,Gaia,2587,0,5a6be11c3641a87bbbf7ce4d3e74a1ba_806ea5b45071d5cd6bf393e38462ee71fc0.jpg?1734861414,Crystal,191,0,GNB
Hyde Suta,3129505,179,167,Carbuncle,Elemental,2583,0,4535742390448a5e3b926ce9d7f18056_9eb3c19866f7ae0eeeffac7bf770aba5fc0.jpg?1734863531,Crystal,419,4,SCH
Yudofu Buccellati,30087123,180,169,Fenrir,Gaia,2573,0,65fd985cd38b0f2a73413b84be750718_d384cf5ad7db803f29799f36ebbc3eadfc0.jpg?1734861906,Crystal,133,0,RDM
Kagu Ohgaki,26318268,181,170,Ultima,Gaia,2572,0,9d04c5c752f5b757d392cbbbec4752be_9df1b3cb0da35db33c17ef11ddf12adafc0.jpg?1734861228,Crystal,199,13,RDM
Raise Eins,25693303,182,218,Asura,Mana,2570,199,e8e2e086f0705da0bdc4199195b84afd_53f1445a9f28799a32ea55f046319fc3fc0.jpg?1734863126,Crystal,248,6,RDM
Gogant Gogant,24052697,183,171,Atomos,Elemental,2554,0,9b2637d94cc0b341ddad961722026fdf_cf768a751b1f5e355c2fd39a9ed91f3ffc0.jpg?1734862368,Crystal,359,0,WHM
Sleep Sunlight,44297258,184,262,Unicorn,Meteor,2552,400,ecbed72e3634e9c0487e786c3a8854da_393eb74047bb90c8d80dea54218430eefc0.jpg?1734860739,Crystal,166,5,NIN
Hakune Maxamu,77133,185,172,Aegis,Elemental,2545,0,0da51f9178d181145d00e4129da4e8b1_3ea38e723c590aabf186367e1eb7e6a1fc0.jpg?1734860377,Crystal,331,20,WHM
Unchou Kan,1575311,186,0,Aegis,Elemental,2544,830,43eef415e4c92f6ff93b1d4dae6b7ab8_3ea38e723c590aabf186367e1eb7e6a1fc0.jpg?1734860897,Crystal,173,15,GNB
Usagi Bullet,12041095,187,173,Zeromus,Meteor,2540,0,a1d5a649f03d9945dbb36c29578895f8_c76848359d0b4d2f37aefbb9903ed97bfc0.jpg?1734863128,Crystal,413,0,NIN
Azrel Lc,34596063,188,174,Ixion,Mana,2535,0,15119634c0660706ddb8d01eb0d4e51e_7126768d768f6c6c7fed3eaee98c3a8afc0.jpg?1734863113,Crystal,481,0,RDM
Sukoya Mihirogi,42042279,189,175,Alexander,Gaia,2535,0,58dacb01c0c75e38125f892840beb026_b7a71d8799cf6dd75b711a7f52de6675fc0.jpg?1734862699,Crystal,375,12,GNB
Yukine Yukizuki,44483226,190,176,Ifrit,Gaia,2532,0,8de59a64488817eb0f19310217960058_f9f796348bc43067c7242ec4551cde69fc0.jpg?1734863038,Crystal,221,17,WHM
Faputa Rook,43315992,191,177,Ixion,Mana,2530,0,2bd19583b2ce5a391dc9552cd3ba1b77_7126768d768f6c6c7fed3eaee98c3a8afc0.jpg?1734862457,Crystal,171,0,CUL
Mew Bastet,17432168,192,178,Alexander,Gaia,2523,0,e58f2bcc9e2ee642fa184580acaafd02_b7a71d8799cf6dd75b711a7f52de6675fc0.jpg?1734863720,Crystal,232,0,PLD
Oikawa Toru,16466072,193,180,Ramuh,Meteor,2516,0,d59cbeabf1106aec6ddeb7478297bdad_410ddb5a66a2fcacf538bec5ea5d0291fc0.jpg?1734860261,Crystal,133,0,RDM
Ma Me',35325900,194,203,Ifrit,Gaia,2514,108,0e80b1efec115b240dd235c45033cdd6_f9f796348bc43067c7242ec4551cde69fc0.jpg?1734860649,Crystal,223,4,PLD
Aquamarine Freyja,30360317,195,217,Gungnir,Elemental,2513,137,0dfd1b818fb45dff90b6c17b14b71318_8f82f937943b6baf4c565020d5eba0ccfc0.jpg?1734861276,Crystal,342,11,RDM
Lmuraya Nikuman,20068546,196,181,Ultima,Gaia,2504,0,ef71bffea9def68c6248269007878f07_9df1b3cb0da35db33c17ef11ddf12adafc0.jpg?1734862223,Crystal,424,0,MNK
Pro Mise,42582645,197,183,Chocobo,Mana,2503,0,3ca5b917ef63a8d294e26c751db9aac3_781d6b3603312f6be41670afa37282e0fc0.jpg?1734860150,Crystal,413,36,SGE
Kuromomo Kage,44665867,198,185,Pandaemonium,Mana,2500,3,f1c8df875579f9d02538dbb422ffd628_470db1bf2e865f9130531fea40b61ee4fc0.jpg?1734863590,Crystal,229,4,UNK
Ash Pendragon,40056627,199,186,Aegis,Elemental,2496,0,b8538a2385e7213950fcf2cb603f489d_3ea38e723c590aabf186367e1eb7e6a1fc0.jpg?1734861844,Crystal,241,0,SAM
Efrain Chione,32423161,200,189,Ixion,Mana,2487,14,fdaad3f89942c9266b368d4d543cd35c_7126768d768f6c6c7fed3eaee98c3a8afc0.jpg?1734861979,Crystal,222,6,PCT
Menbou Kuro,9594589,201,187,Chocobo,Mana,2484,0,795da824dfee8b72198b0bc7d703ac7d_781d6b3603312f6be41670afa37282e0fc0.jpg?1734860482,Crystal,170,16,DNC
Aria Walker,11466112,202,206,Alexander,Gaia,2483,88,14c5c7931752cd2f16237d151c4f568d_b7a71d8799cf6dd75b711a7f52de6675fc0.jpg?1734862473,Crystal,205,3,SCH
Ino Re,40934425,203,188,Aegis,Elemental,2473,0,4c256b756b0f4f43b209ec71728dc0e2_3ea38e723c590aabf186367e1eb7e6a1fc0.jpg?1734860374,Crystal,703,17,UNK
Vanishing Line,53890537,204,232,Anima,Mana,2472,200,e7798e3842c163cf014fa1b9c0bb3c0c_2f698530a28d671d20278c8518c804c9fc0.jpg?1734860224,Crystal,174,3,DRK
Syunin Gorira,29703533,205,190,Yojimbo,Meteor,2471,0,098c19dda5d6a09fdd737d9fe9324d6d_4a92c619bde4f34cfa77e05fef21ad85fc0.jpg?1734860536,Crystal,679,40,DNC
Soushi Yukimura,4308750,206,267,Ultima,Gaia,2455,346,aec88e9aef7bf216db7b2312412c0b59_9df1b3cb0da35db33c17ef11ddf12adafc0.jpg?1734860370,Crystal,290,19,RDM
Loar Lysithea,21734578,207,192,Ifrit,Gaia,2452,0,2aa23c2cd6519560453d29df4faed3b7_f9f796348bc43067c7242ec4551cde69fc0.jpg?1734863411,Crystal,265,4,PLD
Fam Fountain,6131049,208,194,Chocobo,Mana,2447,0,9267bc4c55bbdd937d9f11e5846634e1_781d6b3603312f6be41670afa37282e0fc0.jpg?1734861599,Crystal,269,0,AST
Adelbert Arde,2303486,209,0,Aegis,Elemental,2440,702,116777aa8f26a0d0d17dc0b82cca79e6_3ea38e723c590aabf186367e1eb7e6a1fc0.jpg?1734863584,Crystal,304,9,SAM
Regret Weise,15486920,210,195,Fenrir,Gaia,2439,0,13172be4a1ad05d87f2b3a6e43f14d31_d384cf5ad7db803f29799f36ebbc3eadfc0.jpg?1734860747,Crystal,239,0,SAM
Neith Mistral,55051612,211,196,Garuda,Elemental,2437,0,2a71fa4671474da02b8bec3fcf4ebf2f_fcb1f5b0249d1069e5bdc66d0796f26afc0.jpg?1734861614,Crystal,294,1,BSM
Raiu Raneford,27730776,212,197,Masamune,Mana,2434,0,94fa93c1c55d52ae764c88b6b3ae2bf5_134930215abb8a90ec37d6cc05b05e08fc0.jpg?1734860948,Crystal,275,0,BLM
Clown Peach,26142200,213,198,Aegis,Elemental,2434,0,ab733fab30727d1ae6ea25ab3a26cea6_3ea38e723c590aabf186367e1eb7e6a1fc0.jpg?1734861574,Crystal,147,0,VPR
Sion Reon,26284389,214,199,Durandal,Gaia,2431,0,b09073f357076f7415de9cb8795fd3f9_806ea5b45071d5cd6bf393e38462ee71fc0.jpg?1734863398,Crystal,381,1,WHM
Chelsea Sweet,46922470,215,200,Yojimbo,Meteor,2425,0,274b054f2fda9c9307dfb82e32e08086_4a92c619bde4f34cfa77e05fef21ad85fc0.jpg?1734862594,Crystal,140,0,SCH
Anone Sonone,45963674,216,201,Ifrit,Gaia,2421,0,0fbed422b8a4192861c7db4580ff2a3d_f9f796348bc43067c7242ec4551cde69fc0.jpg?1734860492,Crystal,366,3,NIN
Stray Porky,12320402,217,0,Masamune,Mana,2417,2115,4c396b776692e8a2d582a84ae1c7b4d6_134930215abb8a90ec37d6cc05b05e08fc0.jpg?1734862662,Crystal,121,41,RDM
Toni Quartz,23107266,218,207,Ixion,Mana,2414,19,a1341aae3f59b7b94eb0cbb0718dcbad_7126768d768f6c6c7fed3eaee98c3a8afc0.jpg?1734862888,Crystal,135,8,AST
Envy Lua,43034484,219,202,Valefor,Meteor,2412,0,e7cd2d55788c0aa6cbc5b71284096360_485f4777c38002871591fb54f27edc65fc0.jpg?1734862539,Crystal,247,5,PLD
Natural Beat,51191635,220,204,Titan,Mana,2404,0,6485d013538ba2383d2da8ffe6493397_e2bb3f9679fec6d4836fcf8abcc3eeacfc0.jpg?1734863655,Crystal,126,0,AST
Lalala Lalaa,42488617,221,205,Garuda,Elemental,2395,0,304385d0c9b61a485f766a1c92c09f29_fcb1f5b0249d1069e5bdc66d0796f26afc0.jpg?1734863682,Crystal,378,4,UNK
Miti Mg,49968353,222,208,Ifrit,Gaia,2394,0,f29ee027e9d2629cb3c227a1e1a1212f_f9f796348bc43067c7242ec4551cde69fc0.jpg?1734863449,Crystal,309,0,GNB
Charlu Amaryllis,18016662,223,209,Garuda,Elemental,2392,0,5046535c2bc20eb1be96191d8fb36c36_fcb1f5b0249d1069e5bdc66d0796f26afc0.jpg?1734863373,Crystal,489,7,WHM
Ma Tatabi,32954864,224,210,Alexander,Gaia,2391,0,9a7cd7b62696c0d04c6bdc2d2f1dd553_b7a71d8799cf6dd75b711a7f52de6675fc0.jpg?1734861843,Crystal,140,3,UNK
Kamai Tatsu,29892918,225,211,Belias,Meteor,2390,0,07af2e6006bf1cc13d61320c9564c48e_894c4bd0beab2e2beb44b74f4c4bd206fc0.jpg?1734862756,Crystal,425,16,SAM
Renli Hiyok,35473477,226,212,Belias,Meteor,2389,0,cba0dc3175ceedba21abf3daca6fa8b9_894c4bd0beab2e2beb44b74f4c4bd206fc0.jpg?1734862996,Crystal,628,32,RDM
Rocket Formula,27825743,227,213,Ultima,Gaia,2388,0,4f47f9243f15795864eeca432112e749_9df1b3cb0da35db33c17ef11ddf12adafc0.jpg?1734860668,Crystal,104,0,DNC
Uta Tubame,12421333,228,214,Zeromus,Meteor,2385,0,4c1c1810ab77c61696ca66b0716fd309_c76848359d0b4d2f37aefbb9903ed97bfc0.jpg?1734860841,Crystal,435,13,SAM
Pipi Rupipi,46388617,229,215,Ridill,Gaia,2383,0,b5eafab62aeba30f47ef1dc72cff8b3e_138751880f18161a907d7cf0faa43f07fc0.jpg?1734861580,Crystal,262,0,GNB
Mi Li,55444292,230,216,Carbuncle,Elemental,2382,0,dbf0098605c46c38e11408a614a12209_9eb3c19866f7ae0eeeffac7bf770aba5fc0.jpg?1734861497,Crystal,301,0,SMN
Nanasia Plum,21652201,231,0,Hades,Mana,2376,480,cf3c8499db7367663dbd8986b8c2d69d_a4730651230dd43cb129562a30d531aefc0.jpg?1734862234,Crystal,165,29,AST
Lily La'lumiere,28418620,232,219,Pandaemonium,Mana,2366,0,63384746b4653899d8695a06dd406bcd_470db1bf2e865f9130531fea40b61ee4fc0.jpg?1734862403,Crystal,320,20,GNB
Fuuga Reinfeldt,29495648,233,220,Unicorn,Meteor,2361,0,4441cdfb6f60085397a6647656e86646_393eb74047bb90c8d80dea54218430eefc0.jpg?1734860592,Crystal,293,0,MNK
Gya-s Mk-,21954231,234,221,Valefor,Meteor,2357,0,a12e59f635bc753ec4458350072ca9f1_485f4777c38002871591fb54f27edc65fc0.jpg?1734860236,Crystal,466,0,RDM
Battoh Nuko,1022118,235,0,Durandal,Gaia,2357,982,bdbb91b8d6d4eaa2d99a4a18d13153cb_806ea5b45071d5cd6bf393e38462ee71fc0.jpg?1734862769,Crystal,278,14,DRG
Kyoumi-naine Kyoumi,18946463,236,222,Gungnir,Elemental,2355,0,c6cc56b4dc85fd12bc5bdce357776e0a_8f82f937943b6baf4c565020d5eba0ccfc0.jpg?1734860135,Crystal,406,19,DRG
Rip Rill,726210,237,223,Gungnir,Elemental,2352,0,1ed2cf8fd8dc78c1ec061d9bb9c45462_8f82f937943b6baf4c565020d5eba0ccfc0.jpg?1734861250,Crystal,348,7,WHM
Piccolo Saaaaann,23336998,238,224,Asura,Mana,2321,0,efa27fc6ea5fa0a09f429159c3346a0f_53f1445a9f28799a32ea55f046319fc3fc0.jpg?1734860703,Crystal,494,3,WAR
Yuki Macaron-vanille,37997737,239,225,Ridill,Gaia,2309,0,87df14febf49ad8a24a323b239fb3250_138751880f18161a907d7cf0faa43f07fc0.jpg?1734860776,Crystal,446,0,RDM
Ui Thrix,39291749,240,226,Chocobo,Mana,2304,0,08b70654c7812f561afc700e0756319a_781d6b3603312f6be41670afa37282e0fc0.jpg?1734861123,Crystal,213,1,WHM
Sieg Kircheis,3183823,241,227,Ixion,Mana,2297,0,60c01e255f4f1b4539663750a69e2c90_7126768d768f6c6c7fed3eaee98c3a8afc0.jpg?1734863327,Crystal,169,0,RDM
Pallas Athene,2406168,242,228,Shinryu,Meteor,2295,0,53bb581fc41367c292fd90f3c8eafe9f_87b7d447f40b06dfc7228caf195f7dcffc0.jpg?1734862492,Crystal,112,2,SCH
Esta Nien,38578244,243,229,Ixion,Mana,2294,0,6217e05fa6e6ea8b0b451888c35bdc55_7126768d768f6c6c7fed3eaee98c3a8afc0.jpg?1734863565,Crystal,261,4,UNK
Absolute Radiance,31625555,244,230,Titan,Mana,2290,0,847e682162cf897903f0eb56525727a4_e2bb3f9679fec6d4836fcf8abcc3eeacfc0.jpg?1734863033,Crystal,467,5,WHM
Jen Wester,7199889,245,254,Ultima,Gaia,2277,99,e15823a32293d0fcce57f5c9a4fcb4cc_9df1b3cb0da35db33c17ef11ddf12adafc0.jpg?1734862877,Crystal,402,4,UNK
Cody Travers,4639667,246,300,Shinryu,Meteor,2275,284,bf832d65438a15d503ff602768a25d7f_87b7d447f40b06dfc7228caf195f7dcffc0.jpg?1734863404,Crystal,258,16,NIN
Rio Ponz,1572176,247,231,Chocobo,Mana,2273,0,db32192b29d7968fbbd234b1769d9c70_781d6b3603312f6be41670afa37282e0fc0.jpg?1734860655,Crystal,158,0,RPR
Yt Lt,55533221,248,233,Aegis,Elemental,2257,0,a4e55d1b3f4cdf2fbbc39b7074308750_3ea38e723c590aabf186367e1eb7e6a1fc0.jpg?1734860433,Crystal,262,7,RDM
Feli Tanzerin,3228461,249,234,Ultima,Gaia,2255,0,e0fa758cd21d584189f586f1dbab3151_9df1b3cb0da35db33c17ef11ddf12adafc0.jpg?1734860684,Crystal,97,0,DNC
Shina Kaede,22770809,250,235,Pandaemonium,Mana,2254,0,f1774deaa9ade5ae02907c1ad91863be_470db1bf2e865f9130531fea40b61ee4fc0.jpg?1734863524,Crystal,116,0,RDM
Luna Skywoods,19947730,251,236,Pandaemonium,Mana,2243,0,2c91189d928254143856c9fb7f57c586_470db1bf2e865f9130531fea40b61ee4fc0.jpg?1734861014,Crystal,468,4,NIN
Tarai Gemw,12804863,252,237,Bahamut,Gaia,2232,0,e5dfbf0fcae1130f611e0ad5983dc6aa_86da943caa70c8694707ab2ff74e68c9fc0.jpg?1734863002,Crystal,199,0,DRK
Chunini Chuni,8192120,253,238,Shinryu,Meteor,2226,0,8b8e16f58e72feed14c6b12499da9e76_87b7d447f40b06dfc7228caf195f7dcffc0.jpg?1734862723,Crystal,438,0,SAM
Minel Lulu,2404288,254,0,Anima,Mana,2224,592,dbd954686c4acfb3e7ea198bc79dfcbc_2f698530a28d671d20278c8518c804c9fc0.jpg?1734862560,Crystal,166,16,SCH
Sead Slendisch,27788989,255,240,Asura,Mana,2219,0,c9bd1276c77cf644ce955ce68575aa37_53f1445a9f28799a32ea55f046319fc3fc0.jpg?1734863302,Crystal,365,0,WHM
Nenemu Nemu,32656127,256,241,Ultima,Gaia,2213,0,9dc63da3f9e147108e85969ba44116b2_9df1b3cb0da35db33c17ef11ddf12adafc0.jpg?1734863582,Crystal,370,9,RDM
Mikall Nikall,27338323,257,242,Carbuncle,Elemental,2213,0,e60a512b2d60c224cfd9c74b6449dffd_9eb3c19866f7ae0eeeffac7bf770aba5fc0.jpg?1734862471,Crystal,302,0,WHM
Luna Dicent,16815172,258,293,Mandragora,Meteor,2213,202,4852c918227f492f571fc3f6d120bf0c_ee738654add55c3d07ea92d8e108074cfc0.jpg?1734861822,Crystal,196,7,PCT
Gan Modoki,30168466,259,250,Ixion,Mana,2212,18,26683c6cc2d6f196e9d072fdfa9d3685_7126768d768f6c6c7fed3eaee98c3a8afc0.jpg?1734862286,Crystal,477,18,AST
Yagi San,51169674,260,243,Hades,Mana,2212,0,d8bf1aa1dd95db0671551b5614aa5bc6_a4730651230dd43cb129562a30d531aefc0.jpg?1734863494,Crystal,181,0,SAM
Hakuen Sinonome,10757391,261,244,Asura,Mana,2212,0,6660ba18e406e22fbec52d7b8d1ac332_53f1445a9f28799a32ea55f046319fc3fc0.jpg?1734861135,Crystal,162,0,BLM
Sara Da,26000228,262,245,Yojimbo,Meteor,2210,1,e4a2f7e7168d13e80a63fcb6a7b92b57_4a92c619bde4f34cfa77e05fef21ad85fc0.jpg?1734860363,Crystal,224,5,GNB
Cho Mateyo,38750571,263,246,Anima,Mana,2208,0,4ab3f1228fe120a6b6d1d59f11442ba1_2f698530a28d671d20278c8518c804c9fc0.jpg?1734863073,Crystal,251,0,SAM
Alan Glanz,12292343,264,297,Belias,Meteor,2202,202,1df7f0d24eedaf782e5c985a6e254549_894c4bd0beab2e2beb44b74f4c4bd206fc0.jpg?1734863576,Crystal,218,3,DRG
Dodopita Pittan,3558680,265,247,Tiamat,Gaia,2201,3,0c4178029dae08c0fcbe267d46034e76_9f10d335198e90990f3437c5733468e7fc0.jpg?1734861850,Crystal,510,8,SAM
Torime Nico,26400369,266,296,Atomos,Elemental,2198,197,dbb2fb17c00b9c7a6e6ca0a65c888ac6_cf768a751b1f5e355c2fd39a9ed91f3ffc0.jpg?1734862914,Crystal,690,7,MIN
Creya Oaks,20662074,267,248,Tonberry,Elemental,2197,0,0fb57385ff1c90e3ea26edc53722b78c_7bb6b1e488f0e4f01c5314d010b60f31fc0.jpg?1734861588,Crystal,329,13,PLD
Gyaza Mony,8862638,268,249,Durandal,Gaia,2195,0,d4012cfd296322d9e628dba9a1754e78_806ea5b45071d5cd6bf393e38462ee71fc0.jpg?1734861750,Crystal,143,3,SAM
Nozomi Nono,7494714,269,251,Chocobo,Mana,2192,0,13b2ece6b7dbbd93f0cd2fd05d244027_781d6b3603312f6be41670afa37282e0fc0.jpg?1734861369,Crystal,340,0,PCT
Momojiri Kakure,18051279,270,252,Anima,Mana,2191,0,17f5cab570f2898b55037a8db7b1c871_2f698530a28d671d20278c8518c804c9fc0.jpg?1734862813,Crystal,219,0,RDM
Honkai Star-rail,55847618,271,0,Titan,Mana,2188,1097,e3c02ed7073cc33dc92275f26a223a0f_e2bb3f9679fec6d4836fcf8abcc3eeacfc0.jpg?1734862215,Crystal,121,14,BLM
Lukina Sirobara,36212672,272,253,Pandaemonium,Mana,2181,0,573347a79b731b2e3fe15b5588caceaa_470db1bf2e865f9130531fea40b61ee4fc0.jpg?1734861698,Crystal,165,0,PCT
Rio Co,12569260,273,255,Hades,Mana,2174,0,7f917da077eddbbf33d3a6638d1ada20_a4730651230dd43cb129562a30d531aefc0.jpg?1734861414,Crystal,969,52,WHM
Hina Lowell,20472782,274,256,Kujata,Elemental,2174,0,c89ae2323e24f90f5afdfd2192e8cc03_72c48f093f2278ac3243962d3eb6a8d7fc0.jpg?1734860474,Crystal,133,1,CRP
Not Happy,52476784,275,258,Alexander,Gaia,2161,0,e74f4e837ef7794fed06fe2c7d7ca66d_b7a71d8799cf6dd75b711a7f52de6675fc0.jpg?1734862517,Crystal,209,0,NIN
Taros Crown,4698180,276,259,Mandragora,Meteor,2159,0,e64a149b1e8396bcff60fb4684c8c8a0_ee738654add55c3d07ea92d8e108074cfc0.jpg?1734863433,Crystal,385,13,RPR
Sharif Noah,16936604,277,260,Masamune,Mana,2154,0,1fc5fd537b710470e108b614f546dc1a_134930215abb8a90ec37d6cc05b05e08fc0.jpg?1734860129,Crystal,389,14,PCT
Signal Ton,15377911,278,261,Shinryu,Meteor,2152,0,31ad00fc34b279201e28e7f6aa0f9534_87b7d447f40b06dfc7228caf195f7dcffc0.jpg?1734862907,Crystal,377,13,GNB
Quuri Furutsuki,3207050,279,263,Alexander,Gaia,2146,0,82c84865cf630c0aa461bf0268cd27ea_b7a71d8799cf6dd75b711a7f52de6675fc0.jpg?1734863720,Crystal,352,6,WHM
Miru Eru,50950769,280,0,Shinryu,Meteor,2140,383,8bc2431dab70cfe57443976e1a89eaab_87b7d447f40b06dfc7228caf195f7dcffc0.jpg?1734860478,Crystal,234,9,UNK
Orca Marrone,21897876,281,264,Pandaemonium,Mana,2126,0,9881099fc1a8672aaf43894eac1350ae_470db1bf2e865f9130531fea40b61ee4fc0.jpg?1734863192,Crystal,195,0,WAR
Fumy Flores,24854984,282,265,Pandaemonium,Mana,2122,0,b4f4317854acbdbce63d694b86af43d1_470db1bf2e865f9130531fea40b61ee4fc0.jpg?1734862554,Crystal,235,0,SMN
Ron Don,34797780,283,266,Carbuncle,Elemental,2121,0,89f9b5e073e46abb3108002045fe98d5_9eb3c19866f7ae0eeeffac7bf770aba5fc0.jpg?1734861176,Crystal,178,6,RDM
Sea Rice,20469027,284,268,Masamune,Mana,2109,0,bdb7e20746d1283607747010005de8b4_134930215abb8a90ec37d6cc05b05e08fc0.jpg?1734863199,Crystal,236,11,SAM
Natsume Cureha,45248314,285,269,Ridill,Gaia,2109,0,a15f4dd2b05945ec21a093d71076678e_138751880f18161a907d7cf0faa43f07fc0.jpg?1734863132,Crystal,176,7,NIN
Riri Chan',39410077,286,270,Anima,Mana,2103,0,515f6b76a3ff79ea54a6f753dcfee0c6_2f698530a28d671d20278c8518c804c9fc0.jpg?1734863701,Crystal,577,11,SMN
Semaeon Epocan,55603613,287,271,Fenrir,Gaia,2103,0,995aa90a67957eb00f024bc1ce9669f1_d384cf5ad7db803f29799f36ebbc3eadfc0.jpg?1734863169,Crystal,172,0,GNB
Silanah Oh-mana,45502933,288,0,Titan,Mana,2102,623,98f79f7d5e45485839d2a83be2a5ec49_e2bb3f9679fec6d4836fcf8abcc3eeacfc0.jpg?1734862477,Crystal,126,16,SCH
Coo Yanky,32078480,289,272,Aegis,Elemental,2097,0,a8d9117ca1289e0dd2db80714170a84e_3ea38e723c590aabf186367e1eb7e6a1fc0.jpg?1734861237,Crystal,164,6,SAM
Rainfalls Allnight,40299927,290,273,Titan,Mana,2095,0,350c784cd680d8bc2c8992f285af11d2_e2bb3f9679fec6d4836fcf8abcc3eeacfc0.jpg?1734862780,Crystal,148,0,SCH
Kageto Magatsuki,36052369,291,274,Ultima,Gaia,2094,0,c99eebd98f0729313042324985a6fc9a_9df1b3cb0da35db33c17ef11ddf12adafc0.jpg?1734860961,Crystal,439,3,SMN
Lain Wired,1578110,292,275,Chocobo,Mana,2089,0,51b29015827612eb3c28c2c8dd0f43ef_781d6b3603312f6be41670afa37282e0fc0.jpg?1734863408,Crystal,516,12,NIN
Kikiru Kiru,32877503,293,276,Pandaemonium,Mana,2089,0,e7b80247dc6473f7ec0cd4127f78efb3_470db1bf2e865f9130531fea40b61ee4fc0.jpg?1734863638,Crystal,170,3,RDM
Imber Yy,1675567,294,279,Titan,Mana,2082,4,148e249e446c0b6b20aa7903b594e838_e2bb3f9679fec6d4836fcf8abcc3eeacfc0.jpg?1734861947,Crystal,204,5,SMN
Ursula Hackenschmidt,42648090,295,277,Fenrir,Gaia,2082,0,a665d50be7723b1660e54e045bb7a2fe_d384cf5ad7db803f29799f36ebbc3eadfc0.jpg?1734862565,Crystal,71,0,PLD
Allen Foster,26495580,296,278,Ramuh,Meteor,2079,0,554c86ff73c2a818615eaaa922db424e_410ddb5a66a2fcacf538bec5ea5d0291fc0.jpg?1734862718,Crystal,287,14,PLD
Tirumu Pirumu,31090405,297,280,Anima,Mana,2078,0,24135dbec64e2f95240873c43ad18659_2f698530a28d671d20278c8518c804c9fc0.jpg?1734860447,Crystal,148,0,DRG
Warabi Motii,19472948,298,281,Durandal,Gaia,2077,0,9fa3ee2c49f213a9b30c96b80ee1a0f8_806ea5b45071d5cd6bf393e38462ee71fc0.jpg?1734860442,Crystal,185,0,DNC
Tiroru Choko,13472093,299,0,Chocobo,Mana,2076,496,e02accb6c2576981a3eaaf7dea437d9b_781d6b3603312f6be41670afa37282e0fc0.jpg?1734861515,Crystal,154,11,GNB
Bronze Warrior,33944385,300,283,Alexander,Gaia,2071,0,3a8559d847a626b7d8a2760ec13a73b5_b7a71d8799cf6dd75b711a7f52de6675fc0.jpg?1734863284,Crystal,539,0,WAR
