name,id,cur_rank,prev_rank,world,dc,points,points_delta,portrait,tier,wins,wins_delta,job
Crow Xo,44749262,1,9,Zodiark,Light,3099,303,54e5719ccbdb45c6de28f017b4365207_c274370774c6bc3483cc8740805f41bcfc0.jpg?1755858517,Ultima,82,4,MNK
Snap Ringer,18714030,2,1,Omega,Chaos,3075,0,77577ce781d587b133c9c53da0974817_39e25ac3d737c46452305eefe324372cfc0.jpg?1755855704,Ultima,194,0,RDM
Void Stellarvore,28691685,3,2,Raiden,Light,3070,0,79b02048d874bdc774a96223c423d519_a370664d98f658f4ed4e620f378f73cdfc0.jpg?1755857229,Ultima,233,0,MNK
Prisma Tic,38791879,4,7,Cerberus,Chaos,3063,95,5220c35172bb26154c862a6d485e37b8_777c57311d510ca65dac3c1077dee435fc0.jpg?1755857977,Ultima,304,11,SCH
Miyu Edelfelt,21335430,5,3,Phoenix,Light,3052,0,ba690d74246b4d07f543f0d9516feec2_5047bc596a4bab2dc7f7c120bb22dec5fc0.jpg?1755858026,Ultima,285,0,SCH
Mei Ko,35150838,6,4,Louisoix,Chaos,3013,0,9e9f647c9095409b4ca77e89ca61322b_0a122616f3718d3f45cab10fd8fc1604fc0.jpg?1755858678,Ultima,343,29,AST
Milk Jds,10570379,7,5,Zodiark,Light,3010,0,cf8503b76a559329b409ac7cfe329e0c_c274370774c6bc3483cc8740805f41bcfc0.jpg?1755855940,Ultima,267,0,SAM
Xen Thique,40172078,8,6,Odin,Light,3005,0,8930228f4df0c18feea28ebbb1c451f2_644311b63b607133c989d7c1188467dafc0.jpg?1755857385,Ultima,119,0,SGE
Saboree Catboy,36051653,9,8,Spriggan,Chaos,2945,0,b61ec1080d608b5a83f30baef219dc02_feaf0a2e88ff164813fbc9b85876fa48fc0.jpg?1755858661,Omega,358,17,RDM
Moki Moki,14235486,10,13,Odin,Light,2767,86,82d3ef8d03fa7a6ddf4429f15fd296a2_644311b63b607133c989d7c1188467dafc0.jpg?1755858059,Omega,322,14,DRG
Luca Natura,26126798,11,10,Omega,Chaos,2752,0,aee9a8f332f96a4c5a45923c0e82782a_39e25ac3d737c46452305eefe324372cfc0.jpg?1755858130,Omega,325,32,WAR
Cliffe Zanza,36074329,12,21,Spriggan,Chaos,2728,626,d8d2fa78adb447ec4b6d5d747f5d5f84_feaf0a2e88ff164813fbc9b85876fa48fc0.jpg?1755857604,Omega,344,29,MNK
Cat Wife,21099767,13,11,Zodiark,Light,2724,0,76d1664265ae631c957cfab6c72cfba9_c274370774c6bc3483cc8740805f41bcfc0.jpg?1755858385,Omega,113,0,RDM
Mamiyama Kamimama,37371304,14,12,Spriggan,Chaos,2713,0,3c6fd6569d3dce40308c9a2a1f3c3bfa_feaf0a2e88ff164813fbc9b85876fa48fc0.jpg?1755857066,Omega,142,5,PCT
Tsukuyo Ritlas,37800185,15,17,Odin,Light,2658,295,eca30840fe0bed8e80f620b5f57c49de_644311b63b607133c989d7c1188467dafc0.jpg?1755857565,Omega,254,12,RDM
Auelin Fae,18291844,16,15,Zodiark,Light,2642,100,2d6204db02c5efce86aca234fd6f1ce1_c274370774c6bc3483cc8740805f41bcfc0.jpg?1755857551,Omega,141,1,RDM
Loty Coldwind,36521588,17,14,Twintania,Light,2571,0,3632cf6d20598f5c4c7b748be7e19153_c33f640c0cdd35f7def85b8aa31a0007fc0.jpg?1755855809,Omega,267,3,PCT
Vanilla Blossom,41496807,18,16,Moogle,Chaos,2508,0,b0e7d1b464d155d8791692fe2e47299d_d7a9d5f85a29d6278ec1c7adc2c8d242fc0.jpg?1755857058,Omega,179,0,MCH
Tarutella Goldfish,4235488,19,45,Phoenix,Light,2443,913,f269741c27ca22c02db955557e7283fa_5047bc596a4bab2dc7f7c120bb22dec5fc0.jpg?1755857164,Omega,169,22,SGE
Vai Zol,38270926,20,22,Odin,Light,2440,386,2e78b44195db83336b1acbe75927a864_644311b63b607133c989d7c1188467dafc0.jpg?1755858574,Omega,208,13,RDM
Raiden Senpai,27238016,21,18,Zodiark,Light,2260,0,96a909af8d24d60f6d8173f8cc16facb_c274370774c6bc3483cc8740805f41bcfc0.jpg?1755857348,Omega,258,8,NIN
Fiven Fiven,24996868,22,19,Lich,Light,2244,0,f574b4a1ff1aade4f34a98795138319b_7206469080400ed57a5373d0a9c55c59fc0.jpg?1755858073,Omega,159,0,DRG
Maarato Cookie,20349526,23,20,Twintania,Light,2187,0,dbab16598b86bb31b2eb96070f723572_c33f640c0cdd35f7def85b8aa31a0007fc0.jpg?1755859022,Omega,121,13,MCH
Sice Seven,15008161,24,25,Moogle,Chaos,2059,87,23657ac0d29f4bc5667ef1e00cf528f8_d7a9d5f85a29d6278ec1c7adc2c8d242fc0.jpg?1755857015,Omega,132,14,BRD
Slayn Lockmeier,43624360,25,23,Ragnarok,Chaos,2054,0,6e8ed130575c22a15b32af255b35348b_40d57ba713628f3f1ef5ef204b6d76d2fc0.jpg?1755858608,Omega,85,10,VPR
Akari Tsuki,31005286,26,33,Louisoix,Chaos,2040,269,28e1cfaecfbf911dc3621f5de74642aa_0a122616f3718d3f45cab10fd8fc1604fc0.jpg?1755856034,Omega,117,23,MNK
Sotek Scherwil,486374,27,28,Twintania,Light,1979,99,c881840c18d6c9fc415801f5f8240174_c33f640c0cdd35f7def85b8aa31a0007fc0.jpg?1755858742,Omega,206,1,SGE
Sheidyn Windsor,30282791,28,24,Omega,Chaos,1973,0,e3eaa192d0e2b6192580f940474cd0b5_39e25ac3d737c46452305eefe324372cfc0.jpg?1755857542,Omega,331,13,SAM
Shino Yaru,38308969,29,26,Phoenix,Light,1901,0,0662727bb913ed7fe3009f3542ea1e64_5047bc596a4bab2dc7f7c120bb22dec5fc0.jpg?1755859192,Omega,94,1,UNK
Yamizura Kumozuma,19652230,30,27,Twintania,Light,1892,10,24bbc9cebf09eb83efcbc272c3085fd1_c33f640c0cdd35f7def85b8aa31a0007fc0.jpg?1755858584,Omega,86,26,FSH
Lex'ander Wayfarer,18009481,31,29,Odin,Light,1821,0,0adfa03fe11940a91e3b6a2ed08ddb88_644311b63b607133c989d7c1188467dafc0.jpg?1755859047,Omega,191,0,DRK
Imy Pure,24943089,32,30,Cerberus,Chaos,1803,0,2e46879ac1baf7fc77ec2de872a0461c_777c57311d510ca65dac3c1077dee435fc0.jpg?1755857499,Omega,162,16,SCH
Meryll Enetari,24681550,33,55,Cerberus,Chaos,1795,608,f4fe16c70d7023e2101e19421c5abf1e_777c57311d510ca65dac3c1077dee435fc0.jpg?1755857838,Omega,341,15,DNC
Veera Vermillion,36611700,34,31,Odin,Light,1790,0,21c224545e3d3af775a3d377c8e444bf_644311b63b607133c989d7c1188467dafc0.jpg?1755859203,Omega,182,12,MNK
Sweet Light,41777815,35,40,Spriggan,Chaos,1785,196,2e6808627bd2b8f0f5f0377d20cbbbc5_feaf0a2e88ff164813fbc9b85876fa48fc0.jpg?1755859207,Omega,90,2,PLD
Misora Kaiatsa,25126040,36,32,Moogle,Chaos,1779,0,80fa199452585ab77d14128509576300_d7a9d5f85a29d6278ec1c7adc2c8d242fc0.jpg?1755856661,Omega,95,0,RDM
Sakurane Zero'yuurai,13075529,37,34,Ragnarok,Chaos,1769,0,b65369d4b043831749f5fa45d2428e30_40d57ba713628f3f1ef5ef204b6d76d2fc0.jpg?1755856240,Omega,545,36,SMN
Claire Hart,4540427,38,35,Ragnarok,Chaos,1765,0,063274896aa445e2aa87e44be3be1981_40d57ba713628f3f1ef5ef204b6d76d2fc0.jpg?1755855764,Omega,83,0,VPR
Ange Melrose,50267939,39,36,Omega,Chaos,1707,0,f2fb3057962bf3d28bcce976076f5368_39e25ac3d737c46452305eefe324372cfc0.jpg?1755858247,Omega,226,19,SMN
Strom Valentine,19009916,40,37,Cerberus,Chaos,1673,0,a8dc2ae24adfae999c388093e3e213e8_777c57311d510ca65dac3c1077dee435fc0.jpg?1755856737,Omega,67,2,RDM
Blue Cat,47356852,41,38,Twintania,Light,1604,0,fc9492796dbee9f84ae010350ec7759c_c33f640c0cdd35f7def85b8aa31a0007fc0.jpg?1755857878,Omega,126,23,GNB
Shia Sun,1754600,42,39,Odin,Light,1600,0,7550981ba488e5ebe919aa3cb39efbfa_644311b63b607133c989d7c1188467dafc0.jpg?1755856652,Omega,146,0,WHM
Lure Ll,55749452,43,41,Louisoix,Chaos,1588,0,76301081dc788f1a52938eef4141d892_0a122616f3718d3f45cab10fd8fc1604fc0.jpg?1755858600,Omega,189,13,VPR
Jun Moxiao,40533777,44,42,Odin,Light,1587,0,9f41b7adf0a59849ae35b17cdace2b32_644311b63b607133c989d7c1188467dafc0.jpg?1755857938,Omega,207,4,AST
Marain Kousaka,12028721,45,43,Omega,Chaos,1577,0,8eb57b43eb58ce6e50b90ee79ccb7cd7_39e25ac3d737c46452305eefe324372cfc0.jpg?1755857307,Omega,198,7,WHM
Lybel Alyborias,25836089,46,44,Louisoix,Chaos,1551,0,a86b680e6c4e5e23befaaaf535a158de_0a122616f3718d3f45cab10fd8fc1604fc0.jpg?1755856129,Omega,218,0,VPR
Taiya Li,41293767,47,52,Phoenix,Light,1504,117,7dc31b9a880ba3f36a3ef1208e0c5909_5047bc596a4bab2dc7f7c120bb22dec5fc0.jpg?1755857482,Omega,174,16,BTN
Holos Ymir,35299241,48,50,Cerberus,Chaos,1502,100,f8029ed36fad032333305dfa455cddec_777c57311d510ca65dac3c1077dee435fc0.jpg?1755857634,Omega,133,17,SMN
Ebin Almsivi,35310847,49,46,Shiva,Light,1410,0,0c72e527d2d86c2ee8f4698832e880b5_3fbff0e6b620e4d259dc427abc6574dafc0.jpg?1755857364,Crystal,84,0,SCH
Umbra Mortem,33706766,50,47,Lich,Light,1409,0,8a6a59f954754f4ef8db414f8e455713_7206469080400ed57a5373d0a9c55c59fc0.jpg?1755856486,Crystal,188,16,NIN
Sophia Ariadne,11431073,51,48,Odin,Light,1407,0,f4329ddf82a418a6e12f1ba978bc1523_644311b63b607133c989d7c1188467dafc0.jpg?1755858091,Crystal,125,17,BLM
Ame Sarara,17231289,52,49,Phoenix,Light,1402,0,9225bedb3945fd2a59d84ce2ebab6517_5047bc596a4bab2dc7f7c120bb22dec5fc0.jpg?1755856048,Crystal,167,0,VPR
Toki Isur,16811472,53,51,Lich,Light,1396,0,0f38ca26bcfe5c4c064998df2afabe35_7206469080400ed57a5373d0a9c55c59fc0.jpg?1755857079,Crystal,176,0,WAR
Lsi Lsi,47353875,54,53,Lich,Light,1354,0,792b3235fe2fbd35d956e856c210194f_7206469080400ed57a5373d0a9c55c59fc0.jpg?1755859106,Crystal,182,6,PCT
Red Aura,58355527,55,54,Spriggan,Chaos,1300,0,24685b07d940d962953f7111d4144e46_feaf0a2e88ff164813fbc9b85876fa48fc0.jpg?1755856655,Crystal,66,0,MNK
Mahou Mahou,5924021,56,66,Odin,Light,1283,390,4c6afcfde744ebab926aa3423b6c4064_644311b63b607133c989d7c1188467dafc0.jpg?1755857028,Crystal,131,15,UNK
Death Fury,9386074,57,56,Ragnarok,Chaos,1164,0,f334633b7adb1af69b68d26c3dc12e81_40d57ba713628f3f1ef5ef204b6d76d2fc0.jpg?1755857876,Crystal,132,7,PLD
Isca Mog,32212471,58,71,Zodiark,Light,1118,298,e47f3ccc4bd8599193929766ab0abd2c_c274370774c6bc3483cc8740805f41bcfc0.jpg?1755858927,Crystal,163,10,RDM
Ovan Armor,21476660,59,57,Ragnarok,Chaos,1101,0,dadd1004951e6b33de2be205a18bb3cc_40d57ba713628f3f1ef5ef204b6d76d2fc0.jpg?1755859075,Crystal,103,15,VPR
Feri De,32873333,60,73,Twintania,Light,1098,297,04fae792c920333e5bdc3287c0df72e4_c33f640c0cdd35f7def85b8aa31a0007fc0.jpg?1755857145,Crystal,199,19,THM
Izuma Knox,48747330,61,81,Spriggan,Chaos,1088,483,e4ecfd700fe3f6df45f6409e46a09d8b_feaf0a2e88ff164813fbc9b85876fa48fc0.jpg?1755857732,Crystal,176,21,SCH
Ase Escadora,42603487,62,58,Alpha,Light,1004,0,78626e6cf6f07875d5ac9527a5bd0c4d_6132295fcf5570fb8b0a944ef322a598fc0.jpg?1755858333,Crystal,176,0,WAR
Melinoe Mei,52244848,63,59,Odin,Light,928,0,f2f35dd3d3f7ed2ab1eaf11e0291525a_644311b63b607133c989d7c1188467dafc0.jpg?1755857235,Crystal,131,8,UNK
Ny Aa,49048302,64,60,Zodiark,Light,907,0,a75fda4dbe97ffbaf98a55c7ea86fa64_c274370774c6bc3483cc8740805f41bcfc0.jpg?1755857605,Crystal,72,0,RDM
Anaak Zahard,30213526,65,61,Omega,Chaos,901,0,6da51fdd014970138d55ee542f2d7250_39e25ac3d737c46452305eefe324372cfc0.jpg?1755857869,Crystal,253,3,DRG
Sakuya Ko-no-hana,18012296,66,62,Ragnarok,Chaos,901,0,9e4589969b1a1fe5c6e76d0e5cf7f084_40d57ba713628f3f1ef5ef204b6d76d2fc0.jpg?1755857777,Crystal,104,0,AST
Kyouko Owo,25629243,67,63,Louisoix,Chaos,900,0,4fbeb17208a00397ad05eebfc2d20d2f_0a122616f3718d3f45cab10fd8fc1604fc0.jpg?1755857630,Crystal,79,0,AST
Ares Aster,23775255,68,64,Ragnarok,Chaos,897,0,af83635d9ae348ce2f1f18bd7f59657c_40d57ba713628f3f1ef5ef204b6d76d2fc0.jpg?1755856098,Crystal,260,17,UNK
White Flow,27405246,69,65,Shiva,Light,897,0,fb627f70a20185a985e94a697da7baa5_3fbff0e6b620e4d259dc427abc6574dafc0.jpg?1755857380,Crystal,44,0,WHM
Resilla Frostflow,14658770,70,67,Cerberus,Chaos,893,0,00a4e6250beb98b5644c87cffe8b7f4f_777c57311d510ca65dac3c1077dee435fc0.jpg?1755858449,Crystal,87,0,BRD
Wept Sama,51306317,71,68,Louisoix,Chaos,888,0,26258172f2f7d8adbd729f60cdc1b12d_0a122616f3718d3f45cab10fd8fc1604fc0.jpg?1755859012,Crystal,74,0,BLM
Sim Chiko,9640572,72,69,Ragnarok,Chaos,887,0,df001251be985850147df76d29cd2c6e_40d57ba713628f3f1ef5ef204b6d76d2fc0.jpg?1755857570,Crystal,360,31,BLM
Wife Cat,53116356,73,70,Zodiark,Light,886,0,a1b8c7dc5afdfd7cf3b24ae49dabffe9_c274370774c6bc3483cc8740805f41bcfc0.jpg?1755858585,Crystal,142,25,WAR
Shimori Bunihara,41866714,74,114,Phantom,Chaos,860,469,4f9bcdd015b43753cd5343c2e0825e93_f0a43d6e5eea19af337a176e9836acddfc0.jpg?1755858742,Crystal,81,17,BLM
Altrios Alrun,37280856,75,72,Odin,Light,807,0,eed006603ff3859a7471671dcb9c221c_644311b63b607133c989d7c1188467dafc0.jpg?1755858938,Crystal,41,0,MCH
Katana Azurite,5024675,76,133,Phantom,Chaos,793,590,74c6d884e2d6954e724a6e8c6a4800b5_f0a43d6e5eea19af337a176e9836acddfc0.jpg?1755856528,Crystal,129,8,PLD
Paranpu Leporine,26896464,77,74,Omega,Chaos,711,0,4c9072504d928fcec9a33b948ed484c3_39e25ac3d737c46452305eefe324372cfc0.jpg?1755858276,Crystal,276,8,AST
Sin Mirrorslave,43994621,78,75,Raiden,Light,700,0,3f8e3345c252d3f9b50e27c481f91100_a370664d98f658f4ed4e620f378f73cdfc0.jpg?1755858521,Crystal,37,0,UNK
Voudi Steppi,4262422,79,76,Shiva,Light,699,0,a5ba738317cb8ce27c5b53bf0ac071c1_3fbff0e6b620e4d259dc427abc6574dafc0.jpg?1755859228,Crystal,162,0,GNB
J'yrae Zakah,39521831,80,77,Phantom,Chaos,699,0,15062e4ea5fd0645262797a68f9d53a8_f0a43d6e5eea19af337a176e9836acddfc0.jpg?1755858578,Crystal,116,0,GNB
Luxeria Rose,8153619,81,78,Shiva,Light,693,0,7de2eb901a56646d173e7627b39a020a_3fbff0e6b620e4d259dc427abc6574dafc0.jpg?1755857740,Crystal,77,0,BTN
Goemon Da-scarred,51082512,82,79,Sagittarius,Chaos,692,0,0babb17eaeeb3c5d8fab3b044bcc075b_44ca0844398b2d010d8cd4a31ddb023dfc0.jpg?1755856601,Crystal,69,0,SMN
Elafi Nebris,2813554,83,80,Cerberus,Chaos,688,0,279c67bdef0aed0af0689ceacb3ea0aa_777c57311d510ca65dac3c1077dee435fc0.jpg?1755857638,Crystal,248,14,AST
Preyos Rose,31690106,84,82,Ragnarok,Chaos,602,0,2ca1842cc89ceb1dc6ee21cbd155ae60_40d57ba713628f3f1ef5ef204b6d76d2fc0.jpg?1755857168,Crystal,78,0,WAR
Oh Ok,57655788,85,83,Raiden,Light,596,0,8b238baa4f705b6b7a26bd43bc1f9947_a370664d98f658f4ed4e620f378f73cdfc0.jpg?1755857416,Crystal,113,0,GNB
Mii Sha,23843770,86,84,Phoenix,Light,595,0,64857f7d5089a3c4ec82c8ffc69a8d9b_5047bc596a4bab2dc7f7c120bb22dec5fc0.jpg?1755857763,Crystal,49,3,GNB
Inamaru Ani,7397988,87,85,Lich,Light,591,0,62720eb5794088b0de9631074597e0b1_7206469080400ed57a5373d0a9c55c59fc0.jpg?1755856087,Crystal,83,0,UNK
Lila Stimmung,39468123,88,86,Phoenix,Light,502,0,4ba4285925b03d9334ad69756f0d7066_5047bc596a4bab2dc7f7c120bb22dec5fc0.jpg?1755857587,Crystal,77,0,SCH
Nameless Spartan,57522147,89,87,Spriggan,Chaos,501,0,7fa7e5b3a140e02da7e26d3ec5a4e916_feaf0a2e88ff164813fbc9b85876fa48fc0.jpg?1755857595,Crystal,30,0,MNK
Cap'n Banana,25460177,90,88,Omega,Chaos,500,0,250ded102aad6614228e38b01304d2a5_39e25ac3d737c46452305eefe324372cfc0.jpg?1755857042,Crystal,315,11,WHM
Wwwwwwwwww Wwwwwwwwww,22934838,91,113,Odin,Light,500,104,44b50a04ce7aed4e2c4699753f5b83bc_644311b63b607133c989d7c1188467dafc0.jpg?1755857491,Crystal,76,19,GNB
Hyzenthlay Efrafa,1817919,92,89,Ragnarok,Chaos,500,0,f61f49f2ed95a3709fa034686da0eb63_40d57ba713628f3f1ef5ef204b6d76d2fc0.jpg?1755856960,Crystal,26,0,RPR
Hikari Iroaseta,40065818,93,90,Lich,Light,499,0,69d4a6d73b4cec60f92f1c27efd88471_7206469080400ed57a5373d0a9c55c59fc0.jpg?1755856851,Crystal,189,2,RDM
Tay Talenath,45740169,94,91,Raiden,Light,499,0,b2fa0c7222f7e3ebe117f24a200e11d8_a370664d98f658f4ed4e620f378f73cdfc0.jpg?1755856750,Crystal,173,10,PCT
Tie Jai,37372216,95,92,Spriggan,Chaos,499,0,86788f29e7343af9b7142d3f6d6695f0_feaf0a2e88ff164813fbc9b85876fa48fc0.jpg?1755858263,Crystal,125,6,GNB
Robin Baltemys,5860543,96,119,Odin,Light,498,199,c0b65624201e30005bd9dac89e14696a_644311b63b607133c989d7c1188467dafc0.jpg?1755856984,Crystal,127,8,RDM
Dzika Orka,23708998,97,93,Omega,Chaos,498,0,6022b6fb399bb1fa2fcd2a2b0717b117_39e25ac3d737c46452305eefe324372cfc0.jpg?1755857285,Crystal,106,0,CRP
Gaspard Deguingoix,11032081,98,94,Moogle,Chaos,498,0,b9283e6a6be9cd219ee0afea98546775_d7a9d5f85a29d6278ec1c7adc2c8d242fc0.jpg?1755857580,Crystal,58,0,SGE
White Noise',47747214,99,95,Raiden,Light,498,0,3bf617bec1a403388f9c3c43700db590_a370664d98f658f4ed4e620f378f73cdfc0.jpg?1755858260,Crystal,49,0,NIN
Lunner North,30490724,100,96,Odin,Light,497,0,8466870fbd8ed243e74c7f15afca611b_644311b63b607133c989d7c1188467dafc0.jpg?1755857667,Crystal,198,27,ARM
Big Catfish,47870008,101,102,Cerberus,Chaos,496,3,e1145112395cac897fb817226feefc06_777c57311d510ca65dac3c1077dee435fc0.jpg?1755858857,Crystal,61,9,SGE
Neclord Drakan,34358772,102,97,Phoenix,Light,495,0,7e002012c8fc4f9e493cd5879573e088_5047bc596a4bab2dc7f7c120bb22dec5fc0.jpg?1755857079,Crystal,137,10,SCH
Savi Zizo,36020595,103,98,Phoenix,Light,494,0,654a4334b8f77ad31212ae883d8c8df4_5047bc596a4bab2dc7f7c120bb22dec5fc0.jpg?1755857735,Crystal,121,0,MCH
Memento Mo'ri,1641495,104,201,Ragnarok,Chaos,494,494,86323bce84189061b1d71ff1dc25266a_40d57ba713628f3f1ef5ef204b6d76d2fc0.jpg?1755857093,Crystal,95,22,SMN
Dalik Mathis,9537863,105,99,Ragnarok,Chaos,494,0,fd4dde44208527cc20e58ba589d51f01_40d57ba713628f3f1ef5ef204b6d76d2fc0.jpg?1755857798,Crystal,28,0,BTN
Joseph Fleurer,53645847,106,100,Moogle,Chaos,493,0,d50aa75b35158b70fefc04b8fe2007fe_d7a9d5f85a29d6278ec1c7adc2c8d242fc0.jpg?1755857241,Crystal,292,0,RDM
Xylia Lyn,2825468,107,101,Moogle,Chaos,493,0,997eb452311a22f85956694216c8c0f8_d7a9d5f85a29d6278ec1c7adc2c8d242fc0.jpg?1755856833,Crystal,137,0,WHM
Remy Galleu,52837552,108,103,Alpha,Light,487,0,1c98cde60dda0890554eff5601f7b441_6132295fcf5570fb8b0a944ef322a598fc0.jpg?1755857085,Crystal,14,0,GNB
Fel Kartof,42782705,109,104,Spriggan,Chaos,408,0,f7dbcfc8e88bfbefdb4e49353240ff03_feaf0a2e88ff164813fbc9b85876fa48fc0.jpg?1755856754,Crystal,193,0,MCH
Carme Koe,16444140,110,105,Zodiark,Light,404,0,896c0fd2c0c7bebd238cc3fc693fccbc_c274370774c6bc3483cc8740805f41bcfc0.jpg?1755858735,Crystal,203,24,MCH
Madelynn Veil,49771412,111,106,Omega,Chaos,404,0,92f91d9225bb816c6562fb117814681e_39e25ac3d737c46452305eefe324372cfc0.jpg?1755858846,Crystal,130,0,BLM
Remes Yveltar,21757305,112,107,Shiva,Light,402,0,20b9e744e2190850310da72ffaf5c5d4_3fbff0e6b620e4d259dc427abc6574dafc0.jpg?1755857525,Crystal,86,0,VPR
Yu Yevon,1681110,113,108,Odin,Light,401,0,d5ceace67dec3848e2cffccb1eab8dfb_644311b63b607133c989d7c1188467dafc0.jpg?1755857555,Crystal,125,2,PLD
Zot To,18725302,114,109,Cerberus,Chaos,401,0,852c16bac4fe7f528a8653c65704e818_777c57311d510ca65dac3c1077dee435fc0.jpg?1755858833,Crystal,66,0,RDM
Sonny Fier,11675019,115,110,Cerberus,Chaos,399,0,da65277afb3d27d0dac4884c31cb06af_777c57311d510ca65dac3c1077dee435fc0.jpg?1755855871,Crystal,95,0,VPR
Zhinna Maya,8219011,116,111,Odin,Light,398,0,b96bc839d3db0d26e61bf4b24282c925_644311b63b607133c989d7c1188467dafc0.jpg?1755855889,Crystal,131,8,WAR
Two Koma,51508003,117,112,Zodiark,Light,398,0,15a666f8d7bb67401300fae763ce4d32_c274370774c6bc3483cc8740805f41bcfc0.jpg?1755858676,Crystal,36,0,WAR
Kotagi Togeshi,45536785,118,115,Ragnarok,Chaos,310,0,77a7a1fd8f0ed3e1385e702c543d1106_40d57ba713628f3f1ef5ef204b6d76d2fc0.jpg?1755856521,Crystal,116,6,SMN
Tyr Neriak,19006698,119,183,Omega,Chaos,305,205,efc48a1823652a4394af9af66ed7359d_39e25ac3d737c46452305eefe324372cfc0.jpg?1755855805,Crystal,49,9,UNK
Nagisa Bright,9732794,120,116,Cerberus,Chaos,300,0,81c1eebd6ce8dd6e6897241868e2db1b_777c57311d510ca65dac3c1077dee435fc0.jpg?1755858921,Crystal,92,0,GNB
Gella Zenhat,16553524,121,117,Cerberus,Chaos,299,0,34542c2a2fe5b9a690d00a5565e15c1b_777c57311d510ca65dac3c1077dee435fc0.jpg?1755858792,Crystal,203,7,SMN
Aymeric Lionnellais,31865466,122,118,Raiden,Light,299,0,bb6879afcc6be8f3efa25de273b93f77_a370664d98f658f4ed4e620f378f73cdfc0.jpg?1755856287,Crystal,130,0,UNK
Postsovietskiy Custom,56111705,123,120,Louisoix,Chaos,299,0,5ba9c3cb162c203344dedac7774fba0f_0a122616f3718d3f45cab10fd8fc1604fc0.jpg?1755857251,Crystal,111,0,NIN
Tako Yaki,27361125,124,121,Ragnarok,Chaos,299,0,120e9d58db5e4ddf553f00f6f3560dec_40d57ba713628f3f1ef5ef204b6d76d2fc0.jpg?1755857387,Crystal,68,0,SMN
Brian Ricardo,19883847,125,122,Ragnarok,Chaos,299,0,37b0c97cd1ddc0f966d9e223e20f4f7b_40d57ba713628f3f1ef5ef204b6d76d2fc0.jpg?1755857642,Crystal,40,0,WHM
Natsu Yuki,41186796,126,123,Phoenix,Light,298,0,99f183a6821ac81e8cdda7ec8f07874a_5047bc596a4bab2dc7f7c120bb22dec5fc0.jpg?1755858183,Crystal,133,0,MIN
Makoto Kurusu,52868514,127,124,Alpha,Light,298,0,8fbea6f85d026acc9443dee5147a6a0c_6132295fcf5570fb8b0a944ef322a598fc0.jpg?1755858834,Crystal,82,0,SMN
Mitsuki Mirai,18435457,128,125,Louisoix,Chaos,298,0,365f1772f387bd280bdbfc16afbd5e4e_0a122616f3718d3f45cab10fd8fc1604fc0.jpg?1755858197,Crystal,58,0,WHM
Honey Bagel,39793250,129,150,Sagittarius,Chaos,297,99,4119dcf22656228778f1a70d9c734a44_44ca0844398b2d010d8cd4a31ddb023dfc0.jpg?1755857460,Crystal,104,12,UNK
Noctis Lucis-caellum,44086893,130,213,Shiva,Light,296,296,d7d3e4a43d7d52f423959e37bf92770f_3fbff0e6b620e4d259dc427abc6574dafc0.jpg?1755855936,Crystal,223,23,RPR
Enrei Esthule,16223299,131,126,Lich,Light,296,0,075328fa236ca776da32524ca8bd395c_7206469080400ed57a5373d0a9c55c59fc0.jpg?1755856208,Crystal,45,0,AST
Platinum Rank'one,46972228,132,127,Phantom,Chaos,295,0,070120f89920151a466e012ca309c99f_f0a43d6e5eea19af337a176e9836acddfc0.jpg?1755856174,Crystal,36,0,PCT
Lynn Iguru,18385143,133,128,Louisoix,Chaos,294,0,ef54656282be422229ef7490c0068ac7_0a122616f3718d3f45cab10fd8fc1604fc0.jpg?1755855673,Crystal,125,0,UNK
Yuumi Fish,25707217,134,154,Cerberus,Chaos,293,97,1a7ebbda26c28eb61f262b9fb37e8c6e_777c57311d510ca65dac3c1077dee435fc0.jpg?1755858135,Crystal,31,1,DNC
Sebruz Lunefeu,43940627,135,129,Phoenix,Light,209,0,c88d7d2e68c0d2714528ff7536825940_5047bc596a4bab2dc7f7c120bb22dec5fc0.jpg?1755857609,Crystal,47,0,RDM
Para Tia,24719023,136,130,Ragnarok,Chaos,205,0,272d6d1812042cbb230663b7adc527fd_40d57ba713628f3f1ef5ef204b6d76d2fc0.jpg?1755857748,Crystal,290,14,MCH
Delzor Waka,40194085,137,131,Odin,Light,204,0,bde30c4caff355f65cf9761727b12725_644311b63b607133c989d7c1188467dafc0.jpg?1755857562,Crystal,208,12,MCH
Uraraka Lunae,19968499,138,132,Louisoix,Chaos,204,0,87178981b631653f4905b195c6c49583_0a122616f3718d3f45cab10fd8fc1604fc0.jpg?1755858567,Crystal,180,16,SAM
Ray Croft,29659793,139,134,Shiva,Light,202,0,56ebf33c0c49fd7529d32303d4b7c8d9_3fbff0e6b620e4d259dc427abc6574dafc0.jpg?1755859206,Crystal,212,0,RDM
Haroomi Mae,47248743,140,135,Raiden,Light,202,0,770a624522dc3f95ef75247a554dceb7_a370664d98f658f4ed4e620f378f73cdfc0.jpg?1755857640,Crystal,58,2,AST
Meiko Seravox,57930597,141,136,Phantom,Chaos,201,0,fd23fb94115db9812af122e29610239c_f0a43d6e5eea19af337a176e9836acddfc0.jpg?1755856833,Crystal,210,10,MCH
Yun' Yun,11341467,142,137,Cerberus,Chaos,201,0,df098ceed6d9cf14cf61cc4110cd6cb5_777c57311d510ca65dac3c1077dee435fc0.jpg?1755858223,Crystal,73,0,WHM
Thor Strom,35911315,143,195,Cerberus,Chaos,201,201,3826da79ed71141aec290f69127b5c79_777c57311d510ca65dac3c1077dee435fc0.jpg?1755856366,Crystal,32,12,DRG
Very Sad,35588054,144,138,Alpha,Light,200,0,cbc407d2a1fd12a523e748daf7f8c84b_6132295fcf5570fb8b0a944ef322a598fc0.jpg?1755856870,Crystal,132,0,NIN
Vasya Pupkin,31945676,145,139,Cerberus,Chaos,200,0,8cb71c96a9fe7067f35566bacfe5d111_777c57311d510ca65dac3c1077dee435fc0.jpg?1755858666,Crystal,106,0,WAR
L- Lawliet,7221957,146,140,Cerberus,Chaos,200,0,6e5100e5b917acc4a0001eb86c96866e_777c57311d510ca65dac3c1077dee435fc0.jpg?1755858064,Crystal,80,0,WHM
Ceoh Shife,32511071,147,141,Ragnarok,Chaos,200,0,10ccb88d08b50a86f2f3c8037aedbac2_40d57ba713628f3f1ef5ef204b6d76d2fc0.jpg?1755857367,Crystal,69,0,MNK
Maana Xhula,15762123,148,142,Phoenix,Light,199,0,38beafe0db5d9a3faf5c9326bcf81f1f_5047bc596a4bab2dc7f7c120bb22dec5fc0.jpg?1755859113,Crystal,184,14,MCH
Asphal Flaye,51597003,149,207,Lich,Light,199,199,0925f20570c006b2455be17ee78802ef_7206469080400ed57a5373d0a9c55c59fc0.jpg?1755857485,Crystal,142,10,DRG
Seraban Mistodisushi,25116690,150,143,Omega,Chaos,199,0,9ab6f5d4307a747e8378402c6070b2a7_39e25ac3d737c46452305eefe324372cfc0.jpg?1755858664,Crystal,135,0,MCH
Ronka Wolfborn,24572571,151,144,Twintania,Light,199,0,d2caedc1b53b0cf42702df654d363a5d_c33f640c0cdd35f7def85b8aa31a0007fc0.jpg?1755859003,Crystal,112,0,WHM
Renna Vorak,25421061,152,168,Raiden,Light,199,99,c2dc94bad32c136ebcdcb42ec56ba1c3_a370664d98f658f4ed4e620f378f73cdfc0.jpg?1755858325,Crystal,98,1,PLD
Beri Felinya,26066355,153,145,Lich,Light,199,0,86bf2a099b51904992ee7b99d1a77e98_7206469080400ed57a5373d0a9c55c59fc0.jpg?1755857286,Crystal,83,0,NIN
Hegel Gil,25438753,154,146,Omega,Chaos,199,0,5ed500fc1dd1d9cbbc95000a80326ff7_39e25ac3d737c46452305eefe324372cfc0.jpg?1755858121,Crystal,79,0,WAR
Kira Lantarra,36911065,155,147,Zodiark,Light,198,0,f747398501f7c60bb6131fe935937ede_c274370774c6bc3483cc8740805f41bcfc0.jpg?1755858987,Crystal,182,25,MCH
Liyfee Hana,34503487,156,148,Cerberus,Chaos,198,0,b336da36a86d3e3ff63c9698075f7bff_777c57311d510ca65dac3c1077dee435fc0.jpg?1755855863,Crystal,143,0,SMN
Shaying Rengarf,1688652,157,149,Ragnarok,Chaos,198,0,9f6e8954dec429710a07fcf4059d3ae8_40d57ba713628f3f1ef5ef204b6d76d2fc0.jpg?1755858985,Crystal,98,0,BLM
Tsuguri Tempest,8093380,158,151,Cerberus,Chaos,198,0,673dd69d52b7f7c210bb231091fd1922_777c57311d510ca65dac3c1077dee435fc0.jpg?1755857865,Crystal,52,0,PLD
Ka La,18103622,159,152,Ragnarok,Chaos,198,0,79cb69a4d9a7535c8ee4e2bbfc9b2a1d_40d57ba713628f3f1ef5ef204b6d76d2fc0.jpg?1755856676,Crystal,44,0,SAM
Creamy Succubus,36293366,160,153,Spriggan,Chaos,197,0,15e9207c6ceb24b3818eabab978be8f3_feaf0a2e88ff164813fbc9b85876fa48fc0.jpg?1755856513,Crystal,19,0,SGE
Teale Teslonia,24123514,161,155,Raiden,Light,195,0,85c590ab0b87f38c4c63379bd665bddd_a370664d98f658f4ed4e620f378f73cdfc0.jpg?1755855806,Crystal,184,8,BLM
Veil Walker,54006107,162,200,Alpha,Light,194,194,b5abc5738b59f6074b0f6ea804fdfa05_6132295fcf5570fb8b0a944ef322a598fc0.jpg?1755859246,Crystal,177,15,WHM
Ante Tribal,3275874,163,156,Twintania,Light,101,0,fe6488d1a77f249ef2a269def3a65e73_c33f640c0cdd35f7def85b8aa31a0007fc0.jpg?1755857013,Crystal,187,0,PCT
Kimbi Aoe,24693270,164,157,Shiva,Light,101,0,67e0ddfb70faf5725a971d086cfdce61_3fbff0e6b620e4d259dc427abc6574dafc0.jpg?1755857217,Crystal,59,0,DNC
Leedo Dale,25033597,165,158,Zodiark,Light,100,0,9e122691e98bda2ea6abe86ed7b81a63_c274370774c6bc3483cc8740805f41bcfc0.jpg?1755856754,Crystal,362,0,BRD
Nora Carmilla,49318140,166,159,Louisoix,Chaos,100,0,29f2060673efd96486eda9c87d320a35_0a122616f3718d3f45cab10fd8fc1604fc0.jpg?1755856453,Crystal,321,0,MNK
Immersive Glitch,11611588,167,160,Spriggan,Chaos,100,0,0b3c92adf3d859c9266b329e36050ea6_feaf0a2e88ff164813fbc9b85876fa48fc0.jpg?1755858762,Crystal,195,3,RDM
Tomasz Gimaggi,40596537,168,161,Moogle,Chaos,100,0,3dc06f6399e8b3f7118370ce02b0dd5e_d7a9d5f85a29d6278ec1c7adc2c8d242fc0.jpg?1755859129,Crystal,179,0,FSH
Lina Sunstar,52075433,169,162,Phoenix,Light,100,0,d60c4576e74acfcd0ed77a6ea5d48800_5047bc596a4bab2dc7f7c120bb22dec5fc0.jpg?1755858584,Crystal,172,0,UNK
Sunie Dakwhil,12728791,170,163,Twintania,Light,100,0,4760f9b45bd6f71f83adbd97ab87eae3_c33f640c0cdd35f7def85b8aa31a0007fc0.jpg?1755857954,Crystal,148,0,DNC
Ossim Numine,26339671,171,164,Spriggan,Chaos,100,0,c5d164dd5b0090daf2749023d8296214_feaf0a2e88ff164813fbc9b85876fa48fc0.jpg?1755858405,Crystal,114,0,GNB
Fena Solba,31594261,172,165,Omega,Chaos,100,0,a0f2bdb54b25e0706daf73d3994eda74_39e25ac3d737c46452305eefe324372cfc0.jpg?1755858676,Crystal,109,0,PCT
Keisuke Ru'rin,28856291,173,166,Phantom,Chaos,100,0,75097745e92e20bb0a753d49a51020e8_f0a43d6e5eea19af337a176e9836acddfc0.jpg?1755857006,Crystal,103,0,NIN
Aya Ayane,41570933,174,167,Sagittarius,Chaos,100,0,987c1389de1f2b6552a2407735702553_44ca0844398b2d010d8cd4a31ddb023dfc0.jpg?1755857423,Crystal,99,0,UNK
Pattinger Kersel,8183392,175,232,Raiden,Light,100,100,4fec5839fc0fc0bba3a80fc4e1910660_a370664d98f658f4ed4e620f378f73cdfc0.jpg?1755858446,Crystal,89,7,PLD
Eden Sight,26795634,176,169,Zodiark,Light,100,0,0082848ea437238b52e2fc002e546579_c274370774c6bc3483cc8740805f41bcfc0.jpg?1755857633,Crystal,88,0,DRG
Victoria Nyala,43751055,176,170,Phoenix,Light,100,0,d41ca298e2f03ee2273aca61640ebce0_5047bc596a4bab2dc7f7c120bb22dec5fc0.jpg?1755858839,Crystal,88,2,WAR
Feral Flower,52018291,178,171,Sagittarius,Chaos,100,0,aebb2649bbe74f5212ba8599cdb1ecaf_44ca0844398b2d010d8cd4a31ddb023dfc0.jpg?1755857789,Crystal,83,0,UNK
Tora Arnet,14999105,178,172,Odin,Light,100,0,3eb8b4c19616d2f3a63cc2cae0830e5f_644311b63b607133c989d7c1188467dafc0.jpg?1755858367,Crystal,83,3,WHM
Brutal Killer,8885117,180,173,Ragnarok,Chaos,100,0,30c6a6207c7e93d407784888a7f29c97_40d57ba713628f3f1ef5ef204b6d76d2fc0.jpg?1755856824,Crystal,79,0,DRK
Mohli Pestyg,36540018,181,174,Odin,Light,100,0,5af112cb40e01a48849fa2016d1f9669_644311b63b607133c989d7c1188467dafc0.jpg?1755858808,Crystal,78,0,PCT
Zim Brinstar,3323527,182,175,Odin,Light,100,0,d0d1b1076e2c53eb8735b93bf975477c_644311b63b607133c989d7c1188467dafc0.jpg?1755858422,Crystal,77,0,BRD
Mali Haijy,18902907,183,210,Moogle,Chaos,100,100,37d4ed51fa473d3a9cf9dc0b40339017_d7a9d5f85a29d6278ec1c7adc2c8d242fc0.jpg?1755856818,Crystal,72,14,VPR
Kon Kichi,16494284,184,247,Ragnarok,Chaos,100,100,b0ad4e12ebd59b687aaf37b61426811e_40d57ba713628f3f1ef5ef204b6d76d2fc0.jpg?1755856621,Crystal,70,5,GNB
Cute'justice Enjoyer,36890452,185,191,Cerberus,Chaos,100,100,9604305ba4badce3cd48d71b2fbba926_777c57311d510ca65dac3c1077dee435fc0.jpg?1755858040,Crystal,69,7,VPR
Max Hawkes,22442332,186,176,Zodiark,Light,100,0,6bdc09f0e0fcbd5546b16ad91ef246ff_c274370774c6bc3483cc8740805f41bcfc0.jpg?1755855725,Crystal,59,0,DRK
A'chai Tia,58286240,187,177,Louisoix,Chaos,100,0,4cb5d80ac6b86f407a0fe43dc04cbcce_0a122616f3718d3f45cab10fd8fc1604fc0.jpg?1755856968,Crystal,57,0,BRD
Woofer Wrynn,39198163,187,177,Ragnarok,Chaos,100,0,3f1aef747eaad97cc5cec084d2e9d506_40d57ba713628f3f1ef5ef204b6d76d2fc0.jpg?1755858519,Crystal,57,0,WAR
Autuas Au,37357840,189,179,Phantom,Chaos,100,0,5c8929453beb42fb1a167e93eca11abf_f0a43d6e5eea19af337a176e9836acddfc0.jpg?1755856027,Crystal,51,0,UNK
Asra Arnault,31658031,190,180,Louisoix,Chaos,100,0,5e00348183a0f05f7a124d8fa6da7f95_0a122616f3718d3f45cab10fd8fc1604fc0.jpg?1755858374,Crystal,48,0,UNK
Marci Sidekick,41408431,191,181,Zodiark,Light,100,0,a9c3b41a05dec1fd191fe80f38009aa5_c274370774c6bc3483cc8740805f41bcfc0.jpg?1755858936,Crystal,46,0,DRG
Yuripa Arashi,37731658,191,181,Shiva,Light,100,0,73ff0d0b3cc5f92ec79dabffa2bedf80_3fbff0e6b620e4d259dc427abc6574dafc0.jpg?1755856271,Crystal,46,0,SCH
Vena Attire,43633781,193,184,Zodiark,Light,100,0,2916b10cce219f77debbcb017215616b_c274370774c6bc3483cc8740805f41bcfc0.jpg?1755859243,Crystal,36,0,AST
Kaede Yumishi,54070516,194,185,Raiden,Light,100,0,5d811f127e0fbf2c1fe988e910219758_a370664d98f658f4ed4e620f378f73cdfc0.jpg?1755858769,Crystal,34,0,UNK
Roy Dimgao,29524655,195,186,Omega,Chaos,100,0,320af7149c63c337e5826c2c2cc1bf37_39e25ac3d737c46452305eefe324372cfc0.jpg?1755858134,Crystal,32,0,SAM
Valaina Arkane,12209701,196,261,Odin,Light,100,100,8ca9628e91cfdbd8f55027b4b9b5ba3e_644311b63b607133c989d7c1188467dafc0.jpg?1755855901,Crystal,30,4,WHM
Lia Lothje,30611623,197,187,Odin,Light,100,0,12f34ee0f0d0404c9b47a7fea301f068_644311b63b607133c989d7c1188467dafc0.jpg?1755858112,Crystal,15,0,SMN
Corb Kokojoni,6787299,198,188,Ragnarok,Chaos,0,0,f26d0a2ff850097bbea861eb53883148_40d57ba713628f3f1ef5ef204b6d76d2fc0.jpg?1755859200,Diamond,326,6,GSM
A'dyalani Sato,10026278,199,189,Odin,Light,0,0,d072994a22af88090aecf6e5a3b85c36_644311b63b607133c989d7c1188467dafc0.jpg?1755857700,Diamond,168,0,PLD
Riseon Misha,26343965,200,190,Zodiark,Light,0,0,d883dcfcee6650b3e6e1691bf6838f6c_c274370774c6bc3483cc8740805f41bcfc0.jpg?1755856258,Diamond,110,0,WHM
Amethyst Celeste,34974515,201,0,Cerberus,Chaos,0,0,d5d007fe6a010f21f5437557dc796eb0_777c57311d510ca65dac3c1077dee435fc0.jpg?1755857558,Diamond,52,13,MCH
Thalia Meow,41267879,202,192,Louisoix,Chaos,0,0,4e92b01413c32cd46ae8e840cbfea083_0a122616f3718d3f45cab10fd8fc1604fc0.jpg?1755857843,Diamond,47,0,SGE
Aris Oz,41983172,203,193,Zodiark,Light,0,0,abbd4cf51609bf59977c5b4850c4c351_c274370774c6bc3483cc8740805f41bcfc0.jpg?1755859098,Diamond,36,0,WAR
Yujin Diamond,3398427,204,194,Shiva,Light,0,0,77f4519323422022823e54916c05c079_3fbff0e6b620e4d259dc427abc6574dafc0.jpg?1755857562,Diamond,31,0,RDM
Evaline Ra-kaifu,37526808,205,196,Alpha,Light,0,0,96a537579298d2ddb722aa9b834262cd_6132295fcf5570fb8b0a944ef322a598fc0.jpg?1755858034,Diamond,14,0,WHM
Hrodrich Frostwyght,57919169,206,197,Lich,Light,0,0,5e6436d53a20ae19928ffff4514ce8d0_7206469080400ed57a5373d0a9c55c59fc0.jpg?1755857602,Diamond,108,0,UNK
Nima Yanchen,16780005,207,198,Ragnarok,Chaos,0,0,b091a0d7f1b7fec1f57bac5ac173d7fe_40d57ba713628f3f1ef5ef204b6d76d2fc0.jpg?1755857394,Diamond,101,0,VPR
Nama Nari,24786884,208,199,Omega,Chaos,0,0,c5c78c4cbd2c36c0d234f971eb41fdce_39e25ac3d737c46452305eefe324372cfc0.jpg?1755856514,Diamond,36,0,UNK
Rei Nara,30869508,209,202,Ragnarok,Chaos,0,0,6d7be1a63248369bf5017070a85d6bd0_40d57ba713628f3f1ef5ef204b6d76d2fc0.jpg?1755855797,Diamond,65,0,UNK
Matthew Farron,46382254,210,0,Raiden,Light,0,0,8a0cac368a690f9e4989035a34aafa37_a370664d98f658f4ed4e620f378f73cdfc0.jpg?1755857243,Diamond,52,8,GNB
Lunaelumen Heartless,3344766,211,203,Phoenix,Light,0,0,442c49c53db78614043ce10aa9733411_5047bc596a4bab2dc7f7c120bb22dec5fc0.jpg?1755858431,Diamond,51,0,DRK
Thesa Sergearis,47267643,212,224,Raiden,Light,0,0,09dba50da69ae23c7f77aa5135356ea2_a370664d98f658f4ed4e620f378f73cdfc0.jpg?1755858922,Diamond,26,1,SMN
Akurei Amotanius,36595921,213,204,Odin,Light,0,0,ca5d9f24b62995e3bcb5d25cc576fc70_644311b63b607133c989d7c1188467dafc0.jpg?1755857635,Diamond,205,3,MNK
Arlys Merquis,22443885,214,205,Omega,Chaos,0,0,555dd337c7227414481209f295fed99b_39e25ac3d737c46452305eefe324372cfc0.jpg?1755858594,Diamond,159,0,NIN
Aleya Meriwood,44854946,215,206,Twintania,Light,0,0,ae831ad52999f7b17276a4d7e4f57e70_c33f640c0cdd35f7def85b8aa31a0007fc0.jpg?1755858533,Diamond,135,0,CUL
Charon Tesar,2860491,216,250,Shiva,Light,0,0,71fb4ffe6d15608a77682afdbdef53d7_3fbff0e6b620e4d259dc427abc6574dafc0.jpg?1755857084,Diamond,126,2,PCT
Sir Zeding,25636020,217,208,Louisoix,Chaos,0,0,152a8080b6f49fabcaf2969776e44d66_0a122616f3718d3f45cab10fd8fc1604fc0.jpg?1755859150,Diamond,108,5,DRG
Rococo Rocci,20024582,218,209,Twintania,Light,0,0,daee1fe786fa8a581eb947e1db75c268_c33f640c0cdd35f7def85b8aa31a0007fc0.jpg?1755857356,Diamond,95,0,PCT
Shadow Aya,54551815,219,211,Zodiark,Light,0,0,5ca13f39db9eefc50e8e57be73e7254e_c274370774c6bc3483cc8740805f41bcfc0.jpg?1755855782,Diamond,13,0,DRK
Mr Zoro,46151223,220,212,Raiden,Light,0,0,3d193d6d7090a654a59e926bcd7a3864_a370664d98f658f4ed4e620f378f73cdfc0.jpg?1755857826,Diamond,412,25,UNK
Rhen Veydris,2197336,221,238,Odin,Light,0,0,7eccc4a3c359b6261d61b9a4a1edfd7e_644311b63b607133c989d7c1188467dafc0.jpg?1755857326,Diamond,216,12,ARM
Reddo Everflame,39026766,222,214,Zodiark,Light,0,0,4fe9d3f26b1239946c8951208fcdfa88_c274370774c6bc3483cc8740805f41bcfc0.jpg?1755856744,Diamond,164,23,DRK
Grunbeld Murotar,38372576,223,215,Moogle,Chaos,0,0,4935519e129579ee4ea2d9fd7f3e211f_d7a9d5f85a29d6278ec1c7adc2c8d242fc0.jpg?1755857407,Diamond,139,0,SGE
Seventh Prince,18364479,224,216,Sagittarius,Chaos,0,0,9a2048d77db61bfce83adaca7a3d20e6_44ca0844398b2d010d8cd4a31ddb023dfc0.jpg?1755858045,Diamond,124,2,DRG
Yuki Shinryu,18457903,225,241,Omega,Chaos,0,0,7c3380880e156cefcc0afc85574b6091_39e25ac3d737c46452305eefe324372cfc0.jpg?1755858254,Diamond,113,11,WHM
Lord Beerpong,32339736,226,219,Ragnarok,Chaos,0,0,43c14b84a3522fae22e6e13e9e2ddae0_40d57ba713628f3f1ef5ef204b6d76d2fc0.jpg?1755857200,Diamond,83,10,CUL
Oromi Rhiki,16523830,227,217,Lich,Light,0,0,ab89760a923d31eace5980a003c4e621_7206469080400ed57a5373d0a9c55c59fc0.jpg?1755858910,Diamond,79,0,WVR
Victus Victorious,29434550,228,218,Zodiark,Light,0,0,6e3ec7cf8b6b93c69952ef4654d35a0a_c274370774c6bc3483cc8740805f41bcfc0.jpg?1755857478,Diamond,76,0,BTN
Bing Bing,25917338,229,220,Odin,Light,0,0,7f2d07a748bf9d9065301e64c8395f53_644311b63b607133c989d7c1188467dafc0.jpg?1755857785,Diamond,68,0,WHM
Red Fluffy,41965323,230,273,Shiva,Light,0,0,6e4c702e77f55eff42d4c42a07f242db_3fbff0e6b620e4d259dc427abc6574dafc0.jpg?1755855882,Diamond,54,2,VPR
Mana Hatasashi,45157015,231,221,Phantom,Chaos,0,0,cd50c29e576a57cdaa12625487c38f8a_f0a43d6e5eea19af337a176e9836acddfc0.jpg?1755856338,Diamond,52,0,UNK
Raven Quinn,13410885,232,222,Cerberus,Chaos,0,0,2c7d08355665f2e1bd32d304a60d7a47_777c57311d510ca65dac3c1077dee435fc0.jpg?1755856870,Diamond,50,0,MCH
Rei Morow,28187368,233,223,Raiden,Light,0,0,3f9c2b5b08b9fdb4c7d188d33979cea6_a370664d98f658f4ed4e620f378f73cdfc0.jpg?1755856362,Diamond,45,0,UNK
Crimson Silver,3116097,234,225,Odin,Light,0,0,697a0c4de1ef071a19da282c675f2f27_644311b63b607133c989d7c1188467dafc0.jpg?1755856633,Diamond,193,25,GNB
Lapis Antiqua,42780717,235,226,Cerberus,Chaos,0,0,52a6af383c1b05ba0c263ea1d76bd792_777c57311d510ca65dac3c1077dee435fc0.jpg?1755856055,Diamond,147,0,MCH
Elwing Damar,25889871,236,227,Moogle,Chaos,0,0,944d594d237a7e0ba0693b87c612c278_d7a9d5f85a29d6278ec1c7adc2c8d242fc0.jpg?1755858023,Diamond,136,0,RDM
Meekha Engel,9093627,237,228,Cerberus,Chaos,0,0,e88c8910803d55d8308b4bb1f71bd8e0_777c57311d510ca65dac3c1077dee435fc0.jpg?1755858420,Diamond,128,6,AST
Aiva Ibusaki,11039086,238,229,Shiva,Light,0,0,39b96ee63110c8909c27318f222d3695_3fbff0e6b620e4d259dc427abc6574dafc0.jpg?1755858248,Diamond,98,3,CUL
Calais Starmantle,29947683,239,230,Phoenix,Light,0,0,277d442e83d413dc4e1ecc0d8ec6aa3f_5047bc596a4bab2dc7f7c120bb22dec5fc0.jpg?1755857412,Diamond,92,1,GNB
Namidea Valniere,2243911,240,231,Ragnarok,Chaos,0,0,51e8d4ba7b715f7acfa7ea17e9e15f5e_40d57ba713628f3f1ef5ef204b6d76d2fc0.jpg?1755857804,Diamond,86,0,DRK
Amarth Vual,37220642,241,233,Lich,Light,0,0,64bdc4017f196c6ab4c813692496b5f6_7206469080400ed57a5373d0a9c55c59fc0.jpg?1755857870,Diamond,84,4,PLD
Allen Thyl,39251338,242,234,Cerberus,Chaos,0,0,372cf3acaa4e94b0101e4fc53f4b08d4_777c57311d510ca65dac3c1077dee435fc0.jpg?1755857362,Diamond,75,0,NIN
Sal Ren,40787945,243,236,Phantom,Chaos,0,0,9613f7a8c0a759977b8a3fe787fed7e0_f0a43d6e5eea19af337a176e9836acddfc0.jpg?1755855914,Diamond,71,18,WAR
Kiara Anima,33528154,244,235,Raiden,Light,0,0,f1bb383b8594f615718c3d7f602fc10c_a370664d98f658f4ed4e620f378f73cdfc0.jpg?1755856621,Diamond,66,0,MNK
Cecilia Wright,29686272,245,237,Omega,Chaos,0,0,521a76d7e6285dcc102337d8dcaba195_39e25ac3d737c46452305eefe324372cfc0.jpg?1755855859,Diamond,52,0,DRK
Malanya Gilvegania,5121870,246,239,Spriggan,Chaos,0,0,7ec64e843e5e07f20b84e9a853e057df_feaf0a2e88ff164813fbc9b85876fa48fc0.jpg?1755858262,Diamond,125,0,GNB
Yorokobi Honto,22647788,247,252,Louisoix,Chaos,0,0,6ce613729b0649fb6f7ce331b5983678_0a122616f3718d3f45cab10fd8fc1604fc0.jpg?1755858863,Diamond,123,2,SMN
Nero Tidebringer,22058267,248,240,Louisoix,Chaos,0,0,5b596e4be2cd63bf74b6ee32d186d428_0a122616f3718d3f45cab10fd8fc1604fc0.jpg?1755857463,Diamond,110,0,SMN
Alma Larenn,31655917,249,241,Phantom,Chaos,0,0,954864bfc9ac5db0aad9f8e8f38de6bd_f0a43d6e5eea19af337a176e9836acddfc0.jpg?1755858213,Diamond,102,0,MCH
Truffles Bubbles,3277931,249,241,Odin,Light,0,0,b961fb7ba7c3ffb0f64e8444a41aeb89_644311b63b607133c989d7c1188467dafc0.jpg?1755858595,Diamond,102,0,ARM
Ayata Miyabi,20861679,251,244,Louisoix,Chaos,0,0,5b26312fcf95dd3660fa779f2ed897f3_0a122616f3718d3f45cab10fd8fc1604fc0.jpg?1755858180,Diamond,89,0,RDM
Alumae Lane,33730385,252,245,Omega,Chaos,0,0,691b06937e21977e1f13ff9a96dcabcc_39e25ac3d737c46452305eefe324372cfc0.jpg?1755859167,Diamond,83,0,BLM
Gernhart Reinballern,37606716,253,246,Spriggan,Chaos,0,0,acf6c4c95733af33c80e9c3b63eddf63_feaf0a2e88ff164813fbc9b85876fa48fc0.jpg?1755855911,Diamond,73,0,BLM
Angela Sunseeker,18544957,254,259,Louisoix,Chaos,0,0,cc6e4bece2719089c467e0dfb06918ef_0a122616f3718d3f45cab10fd8fc1604fc0.jpg?1755855824,Diamond,61,3,AST
Nobbee Bee,525689,255,248,Cerberus,Chaos,0,0,0fbb4f119d088d3db6e99ed2914b52e3_777c57311d510ca65dac3c1077dee435fc0.jpg?1755855713,Diamond,169,0,WVR
Chrizp Bacon,36384036,256,249,Twintania,Light,0,0,70d8a7be00f886b4053e18b555f41c88_c33f640c0cdd35f7def85b8aa31a0007fc0.jpg?1755858768,Diamond,144,0,PLD
Emmie Wallenkirsch,25849519,257,251,Odin,Light,0,0,9b735b6774198047a29e10acfac44a7b_644311b63b607133c989d7c1188467dafc0.jpg?1755857087,Diamond,122,0,BLM
Wiwiwi Wiwiwi,898746,258,253,Omega,Chaos,0,0,eb3d13810b365032b10026ea0d5413f7_39e25ac3d737c46452305eefe324372cfc0.jpg?1755857941,Diamond,111,0,BRD
Lorem Malaguld,38433729,259,254,Phoenix,Light,0,0,e1a4fe415f857d763dd34028b258f04c_5047bc596a4bab2dc7f7c120bb22dec5fc0.jpg?1755858037,Diamond,106,0,DNC
Skryah Ayrwyn,26038365,260,255,Sagittarius,Chaos,0,0,b5b12ff5d9ed92195cdaa86ba87bc873_44ca0844398b2d010d8cd4a31ddb023dfc0.jpg?1755858280,Diamond,85,0,DRG
Astral Highwind,29689702,261,256,Omega,Chaos,0,0,97af63b900951c4e5b86b87e21f0d233_39e25ac3d737c46452305eefe324372cfc0.jpg?1755857768,Diamond,84,0,PLD
Dritz Mayl,9010583,262,257,Phoenix,Light,0,0,2c47fe0f058ba3fdbed038d09f710017_5047bc596a4bab2dc7f7c120bb22dec5fc0.jpg?1755858935,Diamond,77,0,GNB
Bakali Grunert,37131100,263,258,Alpha,Light,0,0,0ed4a8f520a3fb6aacd01b67f886e654_6132295fcf5570fb8b0a944ef322a598fc0.jpg?1755857644,Diamond,72,0,SGE
Yone Ashina,30902252,264,260,Ragnarok,Chaos,0,0,0e82717d755f8e19345912612a8dfc47_40d57ba713628f3f1ef5ef204b6d76d2fc0.jpg?1755856154,Diamond,55,1,SAM
Yua Shishi,36527378,265,0,Omega,Chaos,0,0,ca997faa67da98383b054501c44ad35c_39e25ac3d737c46452305eefe324372cfc0.jpg?1755858928,Diamond,52,8,RDM
Doctor Zoidberg,9214410,266,262,Cerberus,Chaos,0,0,40bc630c90e57d0ca265dd7fc809d5c8_777c57311d510ca65dac3c1077dee435fc0.jpg?1755856375,Diamond,7,0,PCT
Simi Sunshine',5663390,267,263,Odin,Light,0,0,37b08b6bb6f30161ff909ee4625acd51_644311b63b607133c989d7c1188467dafc0.jpg?1755855788,Diamond,243,8,PCT
Perhaps Mayhaps,37474425,268,264,Twintania,Light,0,0,cebf8c69029dd630783bec1aab9868e1_c33f640c0cdd35f7def85b8aa31a0007fc0.jpg?1755859254,Diamond,152,0,FSH
Kyrie Eleison,39068875,269,265,Sagittarius,Chaos,0,0,39f08d131c5873517bb258c493357f05_44ca0844398b2d010d8cd4a31ddb023dfc0.jpg?1755857957,Diamond,108,0,BRD
Girl Btw,24341128,270,266,Odin,Light,0,0,513b9cac12d871179d7214947d6db881_644311b63b607133c989d7c1188467dafc0.jpg?1755858271,Diamond,94,0,SCH
Kaz Spacedust,57274316,271,267,Phantom,Chaos,0,0,219829fb165af0074b5e3246cb691037_f0a43d6e5eea19af337a176e9836acddfc0.jpg?1755857243,Diamond,92,1,WHM
Ceru Rubina,13330116,272,268,Lich,Light,0,0,21435b4965086f5c1a76684ed46fa276_7206469080400ed57a5373d0a9c55c59fc0.jpg?1755857114,Diamond,89,0,DRK
Based Miqote,46487952,273,269,Twintania,Light,0,0,5e2bb42e554586a20b050b7fd3f88e26_c33f640c0cdd35f7def85b8aa31a0007fc0.jpg?1755857299,Diamond,87,0,UNK
Rainzne Rensoho,47954536,274,270,Sagittarius,Chaos,0,0,22bba613a4a8bd790ff3cebd6baf6d87_44ca0844398b2d010d8cd4a31ddb023dfc0.jpg?1755859095,Diamond,86,2,DNC
Animesan Kaslana,32077606,275,271,Moogle,Chaos,0,0,6268def88e20eea0574685430503059b_d7a9d5f85a29d6278ec1c7adc2c8d242fc0.jpg?1755858512,Diamond,80,0,RPR
Augma Edelfelt,43002767,276,272,Shiva,Light,0,0,e60b69ffe4556d5f11f40b93511957e4_3fbff0e6b620e4d259dc427abc6574dafc0.jpg?1755856143,Diamond,66,11,NIN
Rana Banana,505901,277,0,Ragnarok,Chaos,0,0,a292a50c2e7da8e7d769c71c38b3ceea_40d57ba713628f3f1ef5ef204b6d76d2fc0.jpg?1755858266,Diamond,62,18,FSH
Indigo Plateau,36110530,278,274,Odin,Light,0,0,4c00ab282042e71b2d627aafb68f14f3_644311b63b607133c989d7c1188467dafc0.jpg?1755857663,Diamond,50,0,SGE
Joseph Wolfkin,43539371,279,275,Louisoix,Chaos,0,0,876d621c3956d460073370e3e1bf95ab_0a122616f3718d3f45cab10fd8fc1604fc0.jpg?1755857464,Diamond,47,0,PLD
Nayt Eclipse,34138271,280,276,Twintania,Light,0,0,9ec2a817871d5c51b11b44c68a993d31_c33f640c0cdd35f7def85b8aa31a0007fc0.jpg?1755855778,Diamond,39,2,DRG
Kal Tanavast,21949363,281,277,Omega,Chaos,0,0,dfeeca71f35832d183f78245f29992f1_39e25ac3d737c46452305eefe324372cfc0.jpg?1755858753,Diamond,29,0,SCH
Uki Yo,50895216,282,278,Louisoix,Chaos,0,0,01c8c27039448a796053947550cced8a_0a122616f3718d3f45cab10fd8fc1604fc0.jpg?1755856262,Diamond,8,0,RPR
Franziska Hatia,6541981,283,279,Moogle,Chaos,0,0,3346d7c134c0675bdb576962512a264b_d7a9d5f85a29d6278ec1c7adc2c8d242fc0.jpg?1755857658,Diamond,226,0,RDM
Sitri Soreus,41256416,284,280,Moogle,Chaos,0,0,72c39ca2462344ed634b5fda0bc98489_d7a9d5f85a29d6278ec1c7adc2c8d242fc0.jpg?1755856933,Diamond,93,0,SCH
Chrom Dokuro,33707967,285,281,Spriggan,Chaos,0,0,3fbdebe4771955f4f406ea79fda60e25_feaf0a2e88ff164813fbc9b85876fa48fc0.jpg?1755859090,Diamond,75,1,NIN
Alice Kittimo,34781171,286,0,Cerberus,Chaos,0,0,ec971a9e6eba1c32ecd2e88bec8f2c49_777c57311d510ca65dac3c1077dee435fc0.jpg?1755857639,Diamond,65,19,MIN
Qeryn Olo,14493505,287,0,Shiva,Light,0,0,4a29f01517d6bc0fba65ce7c162c6752_3fbff0e6b620e4d259dc427abc6574dafc0.jpg?1755856026,Diamond,64,12,BRD
Miloire Veritat,13747940,288,282,Sagittarius,Chaos,0,0,2f1ba19bb2392139d587541ebf92a119_44ca0844398b2d010d8cd4a31ddb023dfc0.jpg?1755858430,Diamond,63,0,AST
Lise-hoi Pipeloi,29719212,289,283,Cerberus,Chaos,0,0,57c5498cda4f5b24c975d5c6ad1dad53_777c57311d510ca65dac3c1077dee435fc0.jpg?1755856881,Diamond,58,0,GNB
Moth Kathain,41240837,290,284,Cerberus,Chaos,0,0,4239df280482f84ad3ec0222e3c050a8_777c57311d510ca65dac3c1077dee435fc0.jpg?1755858028,Diamond,51,0,DRK
Sarah Pelepas,36390152,291,285,Twintania,Light,0,0,4d98b4ef01ccfc9df166d83a5771a4ea_c33f640c0cdd35f7def85b8aa31a0007fc0.jpg?1755858315,Diamond,42,0,SAM
Falma Skye,11138827,292,286,Omega,Chaos,0,0,59b3101cb2c9f4fd1f83cdcc8261e327_39e25ac3d737c46452305eefe324372cfc0.jpg?1755858583,Diamond,38,0,WHM
Mer Lin,50434149,293,287,Spriggan,Chaos,0,0,52a13256ecf71bc72e25a6b211b196c8_feaf0a2e88ff164813fbc9b85876fa48fc0.jpg?1755858419,Diamond,10,0,DRK
Athena Olympe,44680885,294,293,Sagittarius,Chaos,0,0,7e7afe9e9cebc29cee3220c1e0530540_44ca0844398b2d010d8cd4a31ddb023dfc0.jpg?1755858269,Diamond,251,23,GNB
Kasuo Kurenai,19914163,295,0,Moogle,Chaos,0,0,341fc38f11952d5f6603289728a95a7e_d7a9d5f85a29d6278ec1c7adc2c8d242fc0.jpg?1755858064,Diamond,96,7,DRK
Little Bro,30487308,296,300,Ragnarok,Chaos,0,0,e88ecbc7e546ca4eb30c434b112830c9_40d57ba713628f3f1ef5ef204b6d76d2fc0.jpg?1755857692,Diamond,71,3,SMN
Glyceri Chosuti,30338174,297,288,Moogle,Chaos,0,0,6d93c9241424e92e6f0351d35d8b6eaa_d7a9d5f85a29d6278ec1c7adc2c8d242fc0.jpg?1755856978,Diamond,61,0,SGE
Happo Sama,37637493,298,289,Odin,Light,0,0,bb9dc4c16e6c26445246a211431b7150_644311b63b607133c989d7c1188467dafc0.jpg?1755858588,Diamond,54,0,UNK
Selin Naari,16360751,298,289,Cerberus,Chaos,0,0,fb2c3681e2cb33bdcd7894d5aad0b9ec_777c57311d510ca65dac3c1077dee435fc0.jpg?1755858991,Diamond,54,0,VPR
Donpe Molkot,25680281,300,291,Moogle,Chaos,0,0,ac762c200099aa5afcede92a58772fbd_d7a9d5f85a29d6278ec1c7adc2c8d242fc0.jpg?1755858514,Diamond,51,3,UNK
Queue Up,44283543,1,0,Ravana,Materia,0,0,341e0565d728c5334b58960edfc1c897_2f53b2675d3eea360f0b48d74d30af15fc0.jpg?1755857951,Diamond,48,1,DNC
Disco Knees,36101852,2,7,Sophia,Materia,0,0,48d0a8dae7efe9ad10780f28920a969b_ba15a18cd3a8fb567e39053022515eb6fc0.jpg?1755857493,Diamond,25,2,RDM
Xiangli Yao,47667687,3,6,Ravana,Materia,0,0,c16f6dda74c69c2b0d901162a055fe85_2f53b2675d3eea360f0b48d74d30af15fc0.jpg?1755856726,Diamond,28,2,UNK
Fabzy Wabzy,36982941,4,2,Sophia,Materia,0,0,cd0aeb82e45c2474bb659277fc1a3713_ba15a18cd3a8fb567e39053022515eb6fc0.jpg?1755857825,Diamond,61,0,BLM
Syth Isi,14766898,5,3,Sephirot,Materia,0,0,4eef23c58ccbdfd054240b7a6afee3df_30a5f9eadea6e0cb684a5265362d0d59fc0.jpg?1755857903,Diamond,48,0,MCH
Hi Me,42843542,6,4,Sophia,Materia,0,0,7438c85b4884151c4909b6c2b7b38fe6_ba15a18cd3a8fb567e39053022515eb6fc0.jpg?1755858434,Diamond,39,0,MNK
Raiosu Eucliffe,45249258,7,5,Ravana,Materia,0,0,a21442f92d53ab89cab416d41fe9132d_2f53b2675d3eea360f0b48d74d30af15fc0.jpg?1755857713,Diamond,32,0,PLD
Lil Wu,39781651,8,0,Ravana,Materia,0,0,883868199332c12050d61887025475bc_2f53b2675d3eea360f0b48d74d30af15fc0.jpg?1755855713,Diamond,18,0,RPR
Unshao Theruun,36386941,9,0,Sephirot,Materia,0,0,ec8f93abdc73eddcd17e0450db1cb572_30a5f9eadea6e0cb684a5265362d0d59fc0.jpg?1755856565,Platinum,56,5,VPR
Red Pocket,57790009,10,0,Zurvan,Materia,0,0,9ee6578b70ebe2412c9a6a3b9539d845_1fa3a1b3845481a1b67b46854a3cc49afc0.jpg?1755857050,Platinum,49,0,WHM
Ms Duck,56478829,11,0,Bismarck,Materia,0,0,1a74e796c845f78ac8b8c9513392611e_36f0570990ac5402b2ef514d36b0435cfc0.jpg?1755856846,Platinum,30,0,PCT
Jiraiya Sannin,47974804,12,0,Ravana,Materia,0,0,6a5cc312529bc78b7d0bbbf5f41983af_2f53b2675d3eea360f0b48d74d30af15fc0.jpg?1755855847,Platinum,17,0,WAR
Boz Ulceros,32280980,13,0,Ravana,Materia,0,0,269b081d650bf5598fd5a3f9419b8b43_2f53b2675d3eea360f0b48d74d30af15fc0.jpg?1755856581,Platinum,68,3,BLM
Edelgard Valentine,33822406,14,0,Ravana,Materia,0,0,c6e8425ff4b710b83d71c789e7e1f54c_2f53b2675d3eea360f0b48d74d30af15fc0.jpg?1755858504,Platinum,37,3,RDM
Nirki Yukumo,41663432,15,0,Zurvan,Materia,0,0,c950234c9a872ae2ab8476f696fcb74f_1fa3a1b3845481a1b67b46854a3cc49afc0.jpg?1755855991,Platinum,22,0,MIN
Goode Morning,46999849,16,0,Bismarck,Materia,0,0,78b690699b1baccabf6653fbe9714bd9_36f0570990ac5402b2ef514d36b0435cfc0.jpg?1755857792,Platinum,11,0,GNB
Cinnamo Roll,30837896,17,0,Sophia,Materia,0,0,775ecb2e36f9d66684701009289a3a52_ba15a18cd3a8fb567e39053022515eb6fc0.jpg?1755858729,Platinum,55,1,VPR
Mars Bars,41756039,18,17,Sophia,Materia,0,0,87af5886ec3b52e7e582ccc7755f6a9b_ba15a18cd3a8fb567e39053022515eb6fc0.jpg?1755855857,Platinum,54,0,SCH
Twitch Pvpash,58310287,19,0,Sephirot,Materia,0,0,825390c1ecfa92c4ed45d4ff7a91e39e_30a5f9eadea6e0cb684a5265362d0d59fc0.jpg?1755857451,Platinum,61,0,PLD
Chai Erion,25415420,20,0,Ravana,Materia,0,0,5056c9b875b270a405542d6f6368a3bc_2f53b2675d3eea360f0b48d74d30af15fc0.jpg?1755857217,Platinum,142,0,WAR
Luna Hestia,13075521,21,24,Ravana,Materia,0,0,4c8aa485692a68f7e4485950b4f14c90_2f53b2675d3eea360f0b48d74d30af15fc0.jpg?1755857616,Platinum,91,2,WHM
Ami Heart,14472079,22,25,Sophia,Materia,0,0,c6d01400219f7cf9852e368306149bd3_ba15a18cd3a8fb567e39053022515eb6fc0.jpg?1755857537,Platinum,47,4,UNK
Samara Glazghotwyn,40818042,23,21,Sephirot,Materia,0,0,d89bdc111b4127d9f80e3d6a0ed3a55b_30a5f9eadea6e0cb684a5265362d0d59fc0.jpg?1755857292,Platinum,39,0,BLM
Kupo Marshmallow,23240132,24,22,Zurvan,Materia,0,0,f5ed4c57fc2b35aea8676f31dc472d0c_1fa3a1b3845481a1b67b46854a3cc49afc0.jpg?1755859028,Platinum,41,2,WHM
Fullbuster Sesshomaru,48191459,25,23,Bismarck,Materia,0,0,19430a8de088b206fbbf50356e1478f6_36f0570990ac5402b2ef514d36b0435cfc0.jpg?1755856928,Platinum,38,0,AST
Selene Riverende,35752544,26,0,Ravana,Materia,0,0,5fd48f3af1ed47ca144aa3161b1e921d_2f53b2675d3eea360f0b48d74d30af15fc0.jpg?1755856321,Platinum,42,0,VPR
Coneja Tranquila,46439132,27,0,Ravana,Materia,0,0,5de0cf7df3f20286a1468b017e35b72d_2f53b2675d3eea360f0b48d74d30af15fc0.jpg?1755857452,Platinum,74,3,WAR
Lillian Melikai,42502039,28,27,Ravana,Materia,0,0,6c5f22e96162240c2bb96702fcbe123b_2f53b2675d3eea360f0b48d74d30af15fc0.jpg?1755856433,Platinum,71,0,SAM
Elanor Trevelyan,10462633,29,0,Zurvan,Materia,0,0,349b1582fc81c3b5ee523727e29f139e_1fa3a1b3845481a1b67b46854a3cc49afc0.jpg?1755857156,Platinum,55,0,AST
Technika Revol,40226139,30,0,Ravana,Materia,0,0,fa2da9a3f657fd8b28b57349a166a0ad_2f53b2675d3eea360f0b48d74d30af15fc0.jpg?1755856785,Platinum,48,0,VPR
Lupercal Aurelian,37936946,31,0,Ravana,Materia,0,0,93674d47ae679f2b2191e0d82e33123f_2f53b2675d3eea360f0b48d74d30af15fc0.jpg?1755858576,Platinum,21,0,SAM
Aislinn Rose,47395507,32,0,Ravana,Materia,0,0,920c56af8cba5363c65e0c83dbbcac71_2f53b2675d3eea360f0b48d74d30af15fc0.jpg?1755857594,Platinum,137,1,BLM
Seal Rock,29463992,33,0,Ravana,Materia,0,0,ebbb4f8957c4d3da4ed4d5be3031ec00_2f53b2675d3eea360f0b48d74d30af15fc0.jpg?1755859066,Platinum,73,0,VPR
Sean Cody,742013,34,0,Bismarck,Materia,0,0,8052120d9c95523f286e6e1d1b15e5d0_36f0570990ac5402b2ef514d36b0435cfc0.jpg?1755857255,Platinum,71,0,BRD
Jena Kuwahara,28003546,35,0,Ravana,Materia,0,0,5bacb190ffd91b392df04923b13fa29a_2f53b2675d3eea360f0b48d74d30af15fc0.jpg?1755857460,Platinum,70,0,SMN
Awayi Soleil,40986096,36,0,Zurvan,Materia,0,0,c84676ef434b75aec3260707fcad3d8a_1fa3a1b3845481a1b67b46854a3cc49afc0.jpg?1755857865,Platinum,27,0,MCH
Nogard Fal,39652346,37,0,Sephirot,Materia,0,0,d1666acf6469516c5e96766b806c9eec_30a5f9eadea6e0cb684a5265362d0d59fc0.jpg?1755859256,Platinum,17,0,PCT
Izaray Wintergray,40906176,38,0,Sophia,Materia,0,0,be2f5b4e324fa72cd4ef19d0c29f10da_ba15a18cd3a8fb567e39053022515eb6fc0.jpg?1755857452,Gold,80,3,PCT
Juru'a Mihrulh,48704606,39,0,Zurvan,Materia,0,0,80aa9b34947750aa356810124a11ba19_1fa3a1b3845481a1b67b46854a3cc49afc0.jpg?1755858273,Gold,60,0,WAR
Hanami Koi,43689410,40,0,Sophia,Materia,0,0,630324ab85220933b63a919c2c9c2fb5_ba15a18cd3a8fb567e39053022515eb6fc0.jpg?1755858615,Gold,28,0,MCH
Eye Forty,49854663,41,0,Sephirot,Materia,0,0,169fd18d391f7f4b577d68bc39e1a2dc_30a5f9eadea6e0cb684a5265362d0d59fc0.jpg?1755856310,Gold,79,2,SAM
Vert Noxx,20047200,42,0,Ravana,Materia,0,0,546069ade0bb7b6e9f50b0588584c366_2f53b2675d3eea360f0b48d74d30af15fc0.jpg?1755858678,Gold,53,0,WAR
Aracielle Mariannette,53033735,43,0,Ravana,Materia,0,0,74c7408d008c11d1e6cdd192575725b9_2f53b2675d3eea360f0b48d74d30af15fc0.jpg?1755856138,Gold,27,0,VPR
Hasu Rean,43334048,44,0,Sophia,Materia,0,0,5c5ae8746bdf9b8c55b8f84d16546192_ba15a18cd3a8fb567e39053022515eb6fc0.jpg?1755857866,Gold,57,0,BRD
Scarlette Harlette,51206657,45,0,Sephirot,Materia,0,0,2f63ccbdc329fa14480887bf4c0dfa0e_30a5f9eadea6e0cb684a5265362d0d59fc0.jpg?1755857897,Gold,144,0,BLM
Temp Asteria,41750566,46,0,Zurvan,Materia,0,0,73bdd493fc471827004a90a5745ff400_1fa3a1b3845481a1b67b46854a3cc49afc0.jpg?1755856171,Gold,29,0,WAR
Saran Kagon,39024611,47,0,Ravana,Materia,0,0,5ced2428f214f74a0214c0ab70f765dc_2f53b2675d3eea360f0b48d74d30af15fc0.jpg?1755855875,Gold,19,0,AST
Chupa King,41652950,48,0,Zurvan,Materia,0,0,7d413d5dc10d51bce3d0191e79bb550a_1fa3a1b3845481a1b67b46854a3cc49afc0.jpg?1755858630,Gold,78,0,WHM
Vielle Drillemont,52770027,49,0,Ravana,Materia,0,0,6c212c0698d00b38fb5cb7d51dcf91bf_2f53b2675d3eea360f0b48d74d30af15fc0.jpg?1755856600,Gold,72,1,WAR
Estasia Varthresti,35818016,50,0,Sephirot,Materia,0,0,f389389453eef85e04241b87e8fc9f33_30a5f9eadea6e0cb684a5265362d0d59fc0.jpg?1755856881,Gold,53,0,DRG
Long Mog,33214885,51,0,Bismarck,Materia,0,0,642c435cfb56d63f9d57faeafe3eb2e9_36f0570990ac5402b2ef514d36b0435cfc0.jpg?1755857447,Gold,44,0,WHM
Monkey Rat,28956529,52,0,Zurvan,Materia,0,0,bd13db4ebaa363278dd269b5941ae816_1fa3a1b3845481a1b67b46854a3cc49afc0.jpg?1755857085,Gold,21,0,RDM
J'mo H',10666399,53,0,Sephirot,Materia,0,0,53873e717cbf7baeb168205935077671_30a5f9eadea6e0cb684a5265362d0d59fc0.jpg?1755857254,Gold,50,0,AST
Velvet Valentine,28412506,54,0,Ravana,Materia,0,0,e3f1828eeac1be75d310102ab3e3e992_2f53b2675d3eea360f0b48d74d30af15fc0.jpg?1755857350,Gold,48,0,DNC
Jennifer Aniston,18587751,55,0,Sophia,Materia,0,0,89d787d37a02addef692e7930b315c1d_ba15a18cd3a8fb567e39053022515eb6fc0.jpg?1755856540,Gold,27,0,VPR
Mae Murasaki,37777538,56,0,Ravana,Materia,0,0,4291e7e20d5011715e7263d1940b4790_2f53b2675d3eea360f0b48d74d30af15fc0.jpg?1755858127,Gold,41,0,NIN
Rin Graveveil,36644795,57,0,Ravana,Materia,0,0,1efe87303199a684865c7ae1d57f5383_2f53b2675d3eea360f0b48d74d30af15fc0.jpg?1755857562,Gold,39,0,MNK
Elto Malto,55670275,58,0,Zurvan,Materia,0,0,6625d7f60a549d4e764bdbbb6315b573_1fa3a1b3845481a1b67b46854a3cc49afc0.jpg?1755856158,Gold,8,0,UNK
Clars Lester,951178,59,0,Sephirot,Materia,0,0,46727c8d445323c9e5b8140d37027050_30a5f9eadea6e0cb684a5265362d0d59fc0.jpg?1755857594,Gold,62,0,GNB
What's Happening,42048207,60,0,Sephirot,Materia,0,0,a214f573161953a77074bf1d27a830b8_30a5f9eadea6e0cb684a5265362d0d59fc0.jpg?1755858100,Gold,31,0,UNK
Han Liu,44640291,61,0,Ravana,Materia,0,0,55233b520f90487f51f380e2add5fc3d_2f53b2675d3eea360f0b48d74d30af15fc0.jpg?1755857683,Gold,9,0,WHM
Wave Effect,41790116,62,0,Sephirot,Materia,0,0,9a151f6d2649d8d75ea9d1191c460ef7_30a5f9eadea6e0cb684a5265362d0d59fc0.jpg?1755856301,Gold,34,0,SGE
Poponi Poni,32899702,63,0,Sephirot,Materia,0,0,734ef1d15414086cc3a4022ae7dcd388_30a5f9eadea6e0cb684a5265362d0d59fc0.jpg?1755857079,Gold,30,0,WHM
Daeneris Stormborn,17816677,64,0,Zurvan,Materia,0,0,dd3c1f830e92ca4f902d42575517a37d_1fa3a1b3845481a1b67b46854a3cc49afc0.jpg?1755858689,Gold,14,0,BLM
Anya Ayase,35377758,65,0,Ravana,Materia,0,0,180ec7f74b417aeed2b2548e9088167d_2f53b2675d3eea360f0b48d74d30af15fc0.jpg?1755856726,Gold,13,0,MNK
Chs Crane,37655547,66,0,Sophia,Materia,0,0,7cd2d4b420716bf684bdd41ef37d9319_ba15a18cd3a8fb567e39053022515eb6fc0.jpg?1755857929,Gold,8,0,CUL
Zay Zay,1524049,67,0,Ravana,Materia,0,0,3e7e6798466f7cf580aebfa9e3ad2def_2f53b2675d3eea360f0b48d74d30af15fc0.jpg?1755855900,Gold,62,0,BRD
Mavis Vermillion,9951874,68,0,Ravana,Materia,0,0,d873342b767d9e5b46703312e12c3b9e_2f53b2675d3eea360f0b48d74d30af15fc0.jpg?1755856644,Gold,32,0,VPR
Yospina Jenkins,44035702,69,0,Sephirot,Materia,0,0,f91dd92de4a192dcd5feeed39b289229_30a5f9eadea6e0cb684a5265362d0d59fc0.jpg?1755855698,Gold,30,0,PLD
Ranko Riselle,47223883,70,0,Sophia,Materia,0,0,301cb977b468ead36aa13c049b17f861_ba15a18cd3a8fb567e39053022515eb6fc0.jpg?1755857456,Gold,0,0,MCH
Athena' Aria,29939277,71,0,Ravana,Materia,0,0,c678c1cf7f9d7de3e80882588e7606e8_2f53b2675d3eea360f0b48d74d30af15fc0.jpg?1755858957,Silver,37,0,WAR
Nor Xyz,31204260,72,0,Zurvan,Materia,0,0,f484bb1b0b61e2441c3fdc2f619705b6_1fa3a1b3845481a1b67b46854a3cc49afc0.jpg?1755857287,Silver,24,0,DNC
Emi Myxian,30607645,73,0,Sophia,Materia,0,0,5568910311aeb812e6544c505e206fa1_ba15a18cd3a8fb567e39053022515eb6fc0.jpg?1755856070,Silver,46,0,BLM
Ethan Embersworn,26635745,74,0,Ravana,Materia,0,0,91833b66b95508e9871a1ceb4ec8fa8c_2f53b2675d3eea360f0b48d74d30af15fc0.jpg?1755856088,Silver,7,0,UNK
Z'khie Lhieso,25279773,75,0,Sophia,Materia,0,0,f0c6aed722c9584f60337e86cc340ff6_ba15a18cd3a8fb567e39053022515eb6fc0.jpg?1755858889,Silver,45,0,RPR
Anny Mac,45121514,76,0,Ravana,Materia,0,0,f9006370c63b36d84efcd8b37a68f328_2f53b2675d3eea360f0b48d74d30af15fc0.jpg?1755856359,Silver,22,0,SGE
Anzac Fenrir,10988408,77,0,Ravana,Materia,0,0,6c7b02f93e5250249333e13f236fc545_2f53b2675d3eea360f0b48d74d30af15fc0.jpg?1755857365,Silver,43,0,MCH
Lord Singhkha,18678679,78,0,Sophia,Materia,0,0,5669f82443fc0f93d0a1197f10c23b1e_ba15a18cd3a8fb567e39053022515eb6fc0.jpg?1755858352,Silver,36,0,SGE
Alaclair Farron,48991388,79,0,Sophia,Materia,0,0,5276fb728cf6c6a8432f92194e7e5bb1_ba15a18cd3a8fb567e39053022515eb6fc0.jpg?1755856641,Silver,18,0,DRG
Violet Venfir,55613391,80,0,Sophia,Materia,0,0,ec5dc8248fe3e6178d4fe2175f1ed10e_ba15a18cd3a8fb567e39053022515eb6fc0.jpg?1755858822,Silver,55,0,SMN
Mare'athyu Yyuvern,39183189,81,0,Ravana,Materia,0,0,906dd6ccb7caacc8691957be2eae25fc_2f53b2675d3eea360f0b48d74d30af15fc0.jpg?1755856252,Silver,26,0,BLM
Faye Amoret,28738568,82,0,Sophia,Materia,0,0,db40e5035f6f662b6a8b36ecf79df1fc_ba15a18cd3a8fb567e39053022515eb6fc0.jpg?1755857195,Silver,19,0,BRD
Sticky Paper,40002002,83,0,Sophia,Materia,0,0,c37ae0efb9b34f70fe9146b29a074949_ba15a18cd3a8fb567e39053022515eb6fc0.jpg?1755858154,Silver,15,0,MRD
Subaru Forester,17850778,84,0,Ravana,Materia,0,0,957ad8473fd71b66b269de8d39d39ee8_2f53b2675d3eea360f0b48d74d30af15fc0.jpg?1755856857,Silver,13,0,WHM
Anastasia Sapphiras,17883241,85,0,Ravana,Materia,0,0,0c9dbfbb4e56110be40eb9154b7d71f4_2f53b2675d3eea360f0b48d74d30af15fc0.jpg?1755857685,Silver,12,0,UNK
Ban Kai,47225010,86,0,Sephirot,Materia,0,0,78a29399957ac8f8c2ed7341e41f580c_30a5f9eadea6e0cb684a5265362d0d59fc0.jpg?1755858049,Silver,10,0,DRK
Jaci Strife,38471872,87,0,Sophia,Materia,0,0,cc907d361e268f15232be41975a1c5c0_ba15a18cd3a8fb567e39053022515eb6fc0.jpg?1755858961,Silver,20,0,WHM
Yuki Naeuri,50775767,88,0,Sephirot,Materia,0,0,3d52f026acecbb7b6232592345c44f84_30a5f9eadea6e0cb684a5265362d0d59fc0.jpg?1755857829,Silver,15,0,BTN
Elrohir Calf-bearer,37445251,89,0,Sephirot,Materia,0,0,8789fc91cb7b460c92699392c5a84b71_30a5f9eadea6e0cb684a5265362d0d59fc0.jpg?1755858105,Silver,13,0,SGE
Cazlab Seven,2345784,90,0,Ravana,Materia,0,0,3477b03abc271549f4b373f987b72fcf_2f53b2675d3eea360f0b48d74d30af15fc0.jpg?1755858109,Silver,11,0,BLM
Alice Hexington,42967117,91,0,Sephirot,Materia,0,0,2a6eece55b0c5b8fba3a9dc824f57408_30a5f9eadea6e0cb684a5265362d0d59fc0.jpg?1755857712,Silver,23,0,GNB
Jaliqai Bairon,49027736,92,0,Sophia,Materia,0,0,bb5b2ab907893aa971f0d78c6164de8c_ba15a18cd3a8fb567e39053022515eb6fc0.jpg?1755857006,Silver,19,0,DNC
Ser Gelron,39232200,93,0,Sophia,Materia,0,0,7c43e73637f1bba9822224bf5e33a495_ba15a18cd3a8fb567e39053022515eb6fc0.jpg?1755856931,Silver,18,0,SGE
Fokus Galantryus,40738924,94,0,Sophia,Materia,0,0,93e1d720637fb04b8b4f9b7a346a6a4e_ba15a18cd3a8fb567e39053022515eb6fc0.jpg?1755856189,Silver,17,0,WHM
Ai Necromancy,48802958,95,0,Sephirot,Materia,0,0,deb73bb9a557f04ffd0dc8bf620aa606_30a5f9eadea6e0cb684a5265362d0d59fc0.jpg?1755858934,Silver,13,0,GNB
Fatalii Tea,57835244,96,0,Ravana,Materia,0,0,acb8eb961f2bcfe4afa01a740d234746_2f53b2675d3eea360f0b48d74d30af15fc0.jpg?1755857785,Silver,8,0,SCH
Kaine Nier,29998304,96,0,Ravana,Materia,0,0,b36f405ba3a9a2c3d65d882330d39dfa_2f53b2675d3eea360f0b48d74d30af15fc0.jpg?1755858574,Silver,8,0,PCT
Nirmala Tia,36322323,98,0,Sophia,Materia,0,0,d13d74ed4296909e26e2a0023b9fd341_ba15a18cd3a8fb567e39053022515eb6fc0.jpg?1755858746,Silver,11,0,WHM
T'aco Cat,57501420,99,0,Sephirot,Materia,0,0,c9443bb3084fbc22020fbf03e54a7588_30a5f9eadea6e0cb684a5265362d0d59fc0.jpg?1755858130,Bronze,12,0,MCH
Gardoo Rat,31316452,100,0,Zurvan,Materia,0,0,78a855c7640fdd8197ea4524875c0eec_1fa3a1b3845481a1b67b46854a3cc49afc0.jpg?1755856306,Bronze,10,0,CUL
Mizuri Raindancer,54517337,100,0,Ravana,Materia,0,0,d13becaaf153d4b0d3a39a1f0c1d792d_2f53b2675d3eea360f0b48d74d30af15fc0.jpg?1755857623,Bronze,10,0,RPR
Crow Xo,44749262,1,9,Zodiark,Light,3099,303,54e5719ccbdb45c6de28f017b4365207_c274370774c6bc3483cc8740805f41bcfc0.jpg?1755858517,Ultima,82,4,MNK
Snap Ringer,18714030,2,1,Omega,Chaos,3075,0,77577ce781d587b133c9c53da0974817_39e25ac3d737c46452305eefe324372cfc0.jpg?1755855704,Ultima,194,0,RDM
Void Stellarvore,28691685,3,2,Raiden,Light,3070,0,79b02048d874bdc774a96223c423d519_a370664d98f658f4ed4e620f378f73cdfc0.jpg?1755857229,Ultima,233,0,MNK
Prisma Tic,38791879,4,7,Cerberus,Chaos,3063,95,5220c35172bb26154c862a6d485e37b8_777c57311d510ca65dac3c1077dee435fc0.jpg?1755857977,Ultima,304,11,SCH
Miyu Edelfelt,21335430,5,3,Phoenix,Light,3052,0,ba690d74246b4d07f543f0d9516feec2_5047bc596a4bab2dc7f7c120bb22dec5fc0.jpg?1755858026,Ultima,285,0,SCH
Mei Ko,35150838,6,4,Louisoix,Chaos,3013,0,9e9f647c9095409b4ca77e89ca61322b_0a122616f3718d3f45cab10fd8fc1604fc0.jpg?1755858678,Ultima,343,29,AST
Milk Jds,10570379,7,5,Zodiark,Light,3010,0,cf8503b76a559329b409ac7cfe329e0c_c274370774c6bc3483cc8740805f41bcfc0.jpg?1755855940,Ultima,267,0,SAM
Xen Thique,40172078,8,6,Odin,Light,3005,0,8930228f4df0c18feea28ebbb1c451f2_644311b63b607133c989d7c1188467dafc0.jpg?1755857385,Ultima,119,0,SGE
Saboree Catboy,36051653,9,8,Spriggan,Chaos,2945,0,b61ec1080d608b5a83f30baef219dc02_feaf0a2e88ff164813fbc9b85876fa48fc0.jpg?1755858661,Omega,358,17,RDM
Moki Moki,14235486,10,13,Odin,Light,2767,86,82d3ef8d03fa7a6ddf4429f15fd296a2_644311b63b607133c989d7c1188467dafc0.jpg?1755858059,Omega,322,14,DRG
Luca Natura,26126798,11,10,Omega,Chaos,2752,0,aee9a8f332f96a4c5a45923c0e82782a_39e25ac3d737c46452305eefe324372cfc0.jpg?1755858130,Omega,325,32,WAR
Cliffe Zanza,36074329,12,21,Spriggan,Chaos,2728,626,d8d2fa78adb447ec4b6d5d747f5d5f84_feaf0a2e88ff164813fbc9b85876fa48fc0.jpg?1755857604,Omega,344,29,MNK
Cat Wife,21099767,13,11,Zodiark,Light,2724,0,76d1664265ae631c957cfab6c72cfba9_c274370774c6bc3483cc8740805f41bcfc0.jpg?1755858385,Omega,113,0,RDM
Mamiyama Kamimama,37371304,14,12,Spriggan,Chaos,2713,0,3c6fd6569d3dce40308c9a2a1f3c3bfa_feaf0a2e88ff164813fbc9b85876fa48fc0.jpg?1755857066,Omega,142,5,PCT
Tsukuyo Ritlas,37800185,15,17,Odin,Light,2658,295,eca30840fe0bed8e80f620b5f57c49de_644311b63b607133c989d7c1188467dafc0.jpg?1755857565,Omega,254,12,RDM
Auelin Fae,18291844,16,15,Zodiark,Light,2642,100,2d6204db02c5efce86aca234fd6f1ce1_c274370774c6bc3483cc8740805f41bcfc0.jpg?1755857551,Omega,141,1,RDM
Loty Coldwind,36521588,17,14,Twintania,Light,2571,0,3632cf6d20598f5c4c7b748be7e19153_c33f640c0cdd35f7def85b8aa31a0007fc0.jpg?1755855809,Omega,267,3,PCT
Vanilla Blossom,41496807,18,16,Moogle,Chaos,2508,0,b0e7d1b464d155d8791692fe2e47299d_d7a9d5f85a29d6278ec1c7adc2c8d242fc0.jpg?1755857058,Omega,179,0,MCH
Tarutella Goldfish,4235488,19,45,Phoenix,Light,2443,913,f269741c27ca22c02db955557e7283fa_5047bc596a4bab2dc7f7c120bb22dec5fc0.jpg?1755857164,Omega,169,22,SGE
Vai Zol,38270926,20,22,Odin,Light,2440,386,2e78b44195db83336b1acbe75927a864_644311b63b607133c989d7c1188467dafc0.jpg?1755858574,Omega,208,13,RDM
Raiden Senpai,27238016,21,18,Zodiark,Light,2260,0,96a909af8d24d60f6d8173f8cc16facb_c274370774c6bc3483cc8740805f41bcfc0.jpg?1755857348,Omega,258,8,NIN
Fiven Fiven,24996868,22,19,Lich,Light,2244,0,f574b4a1ff1aade4f34a98795138319b_7206469080400ed57a5373d0a9c55c59fc0.jpg?1755858073,Omega,159,0,DRG
Maarato Cookie,20349526,23,20,Twintania,Light,2187,0,dbab16598b86bb31b2eb96070f723572_c33f640c0cdd35f7def85b8aa31a0007fc0.jpg?1755859022,Omega,121,13,MCH
Sice Seven,15008161,24,25,Moogle,Chaos,2059,87,23657ac0d29f4bc5667ef1e00cf528f8_d7a9d5f85a29d6278ec1c7adc2c8d242fc0.jpg?1755857015,Omega,132,14,BRD
Slayn Lockmeier,43624360,25,23,Ragnarok,Chaos,2054,0,6e8ed130575c22a15b32af255b35348b_40d57ba713628f3f1ef5ef204b6d76d2fc0.jpg?1755858608,Omega,85,10,VPR
Akari Tsuki,31005286,26,33,Louisoix,Chaos,2040,269,28e1cfaecfbf911dc3621f5de74642aa_0a122616f3718d3f45cab10fd8fc1604fc0.jpg?1755856034,Omega,117,23,MNK
Sotek Scherwil,486374,27,28,Twintania,Light,1979,99,c881840c18d6c9fc415801f5f8240174_c33f640c0cdd35f7def85b8aa31a0007fc0.jpg?1755858742,Omega,206,1,SGE
Sheidyn Windsor,30282791,28,24,Omega,Chaos,1973,0,e3eaa192d0e2b6192580f940474cd0b5_39e25ac3d737c46452305eefe324372cfc0.jpg?1755857542,Omega,331,13,SAM
Shino Yaru,38308969,29,26,Phoenix,Light,1901,0,0662727bb913ed7fe3009f3542ea1e64_5047bc596a4bab2dc7f7c120bb22dec5fc0.jpg?1755859192,Omega,94,1,UNK
Yamizura Kumozuma,19652230,30,27,Twintania,Light,1892,10,24bbc9cebf09eb83efcbc272c3085fd1_c33f640c0cdd35f7def85b8aa31a0007fc0.jpg?1755858584,Omega,86,26,FSH
Lex'ander Wayfarer,18009481,31,29,Odin,Light,1821,0,0adfa03fe11940a91e3b6a2ed08ddb88_644311b63b607133c989d7c1188467dafc0.jpg?1755859047,Omega,191,0,DRK
Imy Pure,24943089,32,30,Cerberus,Chaos,1803,0,2e46879ac1baf7fc77ec2de872a0461c_777c57311d510ca65dac3c1077dee435fc0.jpg?1755857499,Omega,162,16,SCH
Meryll Enetari,24681550,33,55,Cerberus,Chaos,1795,608,f4fe16c70d7023e2101e19421c5abf1e_777c57311d510ca65dac3c1077dee435fc0.jpg?1755857838,Omega,341,15,DNC
Veera Vermillion,36611700,34,31,Odin,Light,1790,0,21c224545e3d3af775a3d377c8e444bf_644311b63b607133c989d7c1188467dafc0.jpg?1755859203,Omega,182,12,MNK
Sweet Light,41777815,35,40,Spriggan,Chaos,1785,196,2e6808627bd2b8f0f5f0377d20cbbbc5_feaf0a2e88ff164813fbc9b85876fa48fc0.jpg?1755859207,Omega,90,2,PLD
Misora Kaiatsa,25126040,36,32,Moogle,Chaos,1779,0,80fa199452585ab77d14128509576300_d7a9d5f85a29d6278ec1c7adc2c8d242fc0.jpg?1755856661,Omega,95,0,RDM
Sakurane Zero'yuurai,13075529,37,34,Ragnarok,Chaos,1769,0,b65369d4b043831749f5fa45d2428e30_40d57ba713628f3f1ef5ef204b6d76d2fc0.jpg?1755856240,Omega,545,36,SMN
Claire Hart,4540427,38,35,Ragnarok,Chaos,1765,0,063274896aa445e2aa87e44be3be1981_40d57ba713628f3f1ef5ef204b6d76d2fc0.jpg?1755855764,Omega,83,0,VPR
Ange Melrose,50267939,39,36,Omega,Chaos,1707,0,f2fb3057962bf3d28bcce976076f5368_39e25ac3d737c46452305eefe324372cfc0.jpg?1755858247,Omega,226,19,SMN
Strom Valentine,19009916,40,37,Cerberus,Chaos,1673,0,a8dc2ae24adfae999c388093e3e213e8_777c57311d510ca65dac3c1077dee435fc0.jpg?1755856737,Omega,67,2,RDM
Blue Cat,47356852,41,38,Twintania,Light,1604,0,fc9492796dbee9f84ae010350ec7759c_c33f640c0cdd35f7def85b8aa31a0007fc0.jpg?1755857878,Omega,126,23,GNB
Shia Sun,1754600,42,39,Odin,Light,1600,0,7550981ba488e5ebe919aa3cb39efbfa_644311b63b607133c989d7c1188467dafc0.jpg?1755856652,Omega,146,0,WHM
Lure Ll,55749452,43,41,Louisoix,Chaos,1588,0,76301081dc788f1a52938eef4141d892_0a122616f3718d3f45cab10fd8fc1604fc0.jpg?1755858600,Omega,189,13,VPR
Jun Moxiao,40533777,44,42,Odin,Light,1587,0,9f41b7adf0a59849ae35b17cdace2b32_644311b63b607133c989d7c1188467dafc0.jpg?1755857938,Omega,207,4,AST
Marain Kousaka,12028721,45,43,Omega,Chaos,1577,0,8eb57b43eb58ce6e50b90ee79ccb7cd7_39e25ac3d737c46452305eefe324372cfc0.jpg?1755857307,Omega,198,7,WHM
Lybel Alyborias,25836089,46,44,Louisoix,Chaos,1551,0,a86b680e6c4e5e23befaaaf535a158de_0a122616f3718d3f45cab10fd8fc1604fc0.jpg?1755856129,Omega,218,0,VPR
Taiya Li,41293767,47,52,Phoenix,Light,1504,117,7dc31b9a880ba3f36a3ef1208e0c5909_5047bc596a4bab2dc7f7c120bb22dec5fc0.jpg?1755857482,Omega,174,16,BTN
Holos Ymir,35299241,48,50,Cerberus,Chaos,1502,100,f8029ed36fad032333305dfa455cddec_777c57311d510ca65dac3c1077dee435fc0.jpg?1755857634,Omega,133,17,SMN
Ebin Almsivi,35310847,49,46,Shiva,Light,1410,0,0c72e527d2d86c2ee8f4698832e880b5_3fbff0e6b620e4d259dc427abc6574dafc0.jpg?1755857364,Crystal,84,0,SCH
Umbra Mortem,33706766,50,47,Lich,Light,1409,0,8a6a59f954754f4ef8db414f8e455713_7206469080400ed57a5373d0a9c55c59fc0.jpg?1755856486,Crystal,188,16,NIN
Sophia Ariadne,11431073,51,48,Odin,Light,1407,0,f4329ddf82a418a6e12f1ba978bc1523_644311b63b607133c989d7c1188467dafc0.jpg?1755858091,Crystal,125,17,BLM
Ame Sarara,17231289,52,49,Phoenix,Light,1402,0,9225bedb3945fd2a59d84ce2ebab6517_5047bc596a4bab2dc7f7c120bb22dec5fc0.jpg?1755856048,Crystal,167,0,VPR
Toki Isur,16811472,53,51,Lich,Light,1396,0,0f38ca26bcfe5c4c064998df2afabe35_7206469080400ed57a5373d0a9c55c59fc0.jpg?1755857079,Crystal,176,0,WAR
Lsi Lsi,47353875,54,53,Lich,Light,1354,0,792b3235fe2fbd35d956e856c210194f_7206469080400ed57a5373d0a9c55c59fc0.jpg?1755859106,Crystal,182,6,PCT
Red Aura,58355527,55,54,Spriggan,Chaos,1300,0,24685b07d940d962953f7111d4144e46_feaf0a2e88ff164813fbc9b85876fa48fc0.jpg?1755856655,Crystal,66,0,MNK
Mahou Mahou,5924021,56,66,Odin,Light,1283,390,4c6afcfde744ebab926aa3423b6c4064_644311b63b607133c989d7c1188467dafc0.jpg?1755857028,Crystal,131,15,UNK
Death Fury,9386074,57,56,Ragnarok,Chaos,1164,0,f334633b7adb1af69b68d26c3dc12e81_40d57ba713628f3f1ef5ef204b6d76d2fc0.jpg?1755857876,Crystal,132,7,PLD
Isca Mog,32212471,58,71,Zodiark,Light,1118,298,e47f3ccc4bd8599193929766ab0abd2c_c274370774c6bc3483cc8740805f41bcfc0.jpg?1755858927,Crystal,163,10,RDM
Ovan Armor,21476660,59,57,Ragnarok,Chaos,1101,0,dadd1004951e6b33de2be205a18bb3cc_40d57ba713628f3f1ef5ef204b6d76d2fc0.jpg?1755859075,Crystal,103,15,VPR
Feri De,32873333,60,73,Twintania,Light,1098,297,04fae792c920333e5bdc3287c0df72e4_c33f640c0cdd35f7def85b8aa31a0007fc0.jpg?1755857145,Crystal,199,19,THM
Izuma Knox,48747330,61,81,Spriggan,Chaos,1088,483,e4ecfd700fe3f6df45f6409e46a09d8b_feaf0a2e88ff164813fbc9b85876fa48fc0.jpg?1755857732,Crystal,176,21,SCH
Ase Escadora,42603487,62,58,Alpha,Light,1004,0,78626e6cf6f07875d5ac9527a5bd0c4d_6132295fcf5570fb8b0a944ef322a598fc0.jpg?1755858333,Crystal,176,0,WAR
Melinoe Mei,52244848,63,59,Odin,Light,928,0,f2f35dd3d3f7ed2ab1eaf11e0291525a_644311b63b607133c989d7c1188467dafc0.jpg?1755857235,Crystal,131,8,UNK
Ny Aa,49048302,64,60,Zodiark,Light,907,0,a75fda4dbe97ffbaf98a55c7ea86fa64_c274370774c6bc3483cc8740805f41bcfc0.jpg?1755857605,Crystal,72,0,RDM
Anaak Zahard,30213526,65,61,Omega,Chaos,901,0,6da51fdd014970138d55ee542f2d7250_39e25ac3d737c46452305eefe324372cfc0.jpg?1755857869,Crystal,253,3,DRG
Sakuya Ko-no-hana,18012296,66,62,Ragnarok,Chaos,901,0,9e4589969b1a1fe5c6e76d0e5cf7f084_40d57ba713628f3f1ef5ef204b6d76d2fc0.jpg?1755857777,Crystal,104,0,AST
Kyouko Owo,25629243,67,63,Louisoix,Chaos,900,0,4fbeb17208a00397ad05eebfc2d20d2f_0a122616f3718d3f45cab10fd8fc1604fc0.jpg?1755857630,Crystal,79,0,AST
Ares Aster,23775255,68,64,Ragnarok,Chaos,897,0,af83635d9ae348ce2f1f18bd7f59657c_40d57ba713628f3f1ef5ef204b6d76d2fc0.jpg?1755856098,Crystal,260,17,UNK
White Flow,27405246,69,65,Shiva,Light,897,0,fb627f70a20185a985e94a697da7baa5_3fbff0e6b620e4d259dc427abc6574dafc0.jpg?1755857380,Crystal,44,0,WHM
Resilla Frostflow,14658770,70,67,Cerberus,Chaos,893,0,00a4e6250beb98b5644c87cffe8b7f4f_777c57311d510ca65dac3c1077dee435fc0.jpg?1755858449,Crystal,87,0,BRD
Wept Sama,51306317,71,68,Louisoix,Chaos,888,0,26258172f2f7d8adbd729f60cdc1b12d_0a122616f3718d3f45cab10fd8fc1604fc0.jpg?1755859012,Crystal,74,0,BLM
Sim Chiko,9640572,72,69,Ragnarok,Chaos,887,0,df001251be985850147df76d29cd2c6e_40d57ba713628f3f1ef5ef204b6d76d2fc0.jpg?1755857570,Crystal,360,31,BLM
Wife Cat,53116356,73,70,Zodiark,Light,886,0,a1b8c7dc5afdfd7cf3b24ae49dabffe9_c274370774c6bc3483cc8740805f41bcfc0.jpg?1755858585,Crystal,142,25,WAR
Shimori Bunihara,41866714,74,114,Phantom,Chaos,860,469,4f9bcdd015b43753cd5343c2e0825e93_f0a43d6e5eea19af337a176e9836acddfc0.jpg?1755858742,Crystal,81,17,BLM
Altrios Alrun,37280856,75,72,Odin,Light,807,0,eed006603ff3859a7471671dcb9c221c_644311b63b607133c989d7c1188467dafc0.jpg?1755858938,Crystal,41,0,MCH
Katana Azurite,5024675,76,133,Phantom,Chaos,793,590,74c6d884e2d6954e724a6e8c6a4800b5_f0a43d6e5eea19af337a176e9836acddfc0.jpg?1755856528,Crystal,129,8,PLD
Paranpu Leporine,26896464,77,74,Omega,Chaos,711,0,4c9072504d928fcec9a33b948ed484c3_39e25ac3d737c46452305eefe324372cfc0.jpg?1755858276,Crystal,276,8,AST
Sin Mirrorslave,43994621,78,75,Raiden,Light,700,0,3f8e3345c252d3f9b50e27c481f91100_a370664d98f658f4ed4e620f378f73cdfc0.jpg?1755858521,Crystal,37,0,UNK
Voudi Steppi,4262422,79,76,Shiva,Light,699,0,a5ba738317cb8ce27c5b53bf0ac071c1_3fbff0e6b620e4d259dc427abc6574dafc0.jpg?1755859228,Crystal,162,0,GNB
J'yrae Zakah,39521831,80,77,Phantom,Chaos,699,0,15062e4ea5fd0645262797a68f9d53a8_f0a43d6e5eea19af337a176e9836acddfc0.jpg?1755858578,Crystal,116,0,GNB
Luxeria Rose,8153619,81,78,Shiva,Light,693,0,7de2eb901a56646d173e7627b39a020a_3fbff0e6b620e4d259dc427abc6574dafc0.jpg?1755857740,Crystal,77,0,BTN
Goemon Da-scarred,51082512,82,79,Sagittarius,Chaos,692,0,0babb17eaeeb3c5d8fab3b044bcc075b_44ca0844398b2d010d8cd4a31ddb023dfc0.jpg?1755856601,Crystal,69,0,SMN
Elafi Nebris,2813554,83,80,Cerberus,Chaos,688,0,279c67bdef0aed0af0689ceacb3ea0aa_777c57311d510ca65dac3c1077dee435fc0.jpg?1755857638,Crystal,248,14,AST
Preyos Rose,31690106,84,82,Ragnarok,Chaos,602,0,2ca1842cc89ceb1dc6ee21cbd155ae60_40d57ba713628f3f1ef5ef204b6d76d2fc0.jpg?1755857168,Crystal,78,0,WAR
Oh Ok,57655788,85,83,Raiden,Light,596,0,8b238baa4f705b6b7a26bd43bc1f9947_a370664d98f658f4ed4e620f378f73cdfc0.jpg?1755857416,Crystal,113,0,GNB
Mii Sha,23843770,86,84,Phoenix,Light,595,0,64857f7d5089a3c4ec82c8ffc69a8d9b_5047bc596a4bab2dc7f7c120bb22dec5fc0.jpg?1755857763,Crystal,49,3,GNB
Inamaru Ani,7397988,87,85,Lich,Light,591,0,62720eb5794088b0de9631074597e0b1_7206469080400ed57a5373d0a9c55c59fc0.jpg?1755856087,Crystal,83,0,UNK
Lila Stimmung,39468123,88,86,Phoenix,Light,502,0,4ba4285925b03d9334ad69756f0d7066_5047bc596a4bab2dc7f7c120bb22dec5fc0.jpg?1755857587,Crystal,77,0,SCH
Nameless Spartan,57522147,89,87,Spriggan,Chaos,501,0,7fa7e5b3a140e02da7e26d3ec5a4e916_feaf0a2e88ff164813fbc9b85876fa48fc0.jpg?1755857595,Crystal,30,0,MNK
Cap'n Banana,25460177,90,88,Omega,Chaos,500,0,250ded102aad6614228e38b01304d2a5_39e25ac3d737c46452305eefe324372cfc0.jpg?1755857042,Crystal,315,11,WHM
Wwwwwwwwww Wwwwwwwwww,22934838,91,113,Odin,Light,500,104,44b50a04ce7aed4e2c4699753f5b83bc_644311b63b607133c989d7c1188467dafc0.jpg?1755857491,Crystal,76,19,GNB
Hyzenthlay Efrafa,1817919,92,89,Ragnarok,Chaos,500,0,f61f49f2ed95a3709fa034686da0eb63_40d57ba713628f3f1ef5ef204b6d76d2fc0.jpg?1755856960,Crystal,26,0,RPR
Hikari Iroaseta,40065818,93,90,Lich,Light,499,0,69d4a6d73b4cec60f92f1c27efd88471_7206469080400ed57a5373d0a9c55c59fc0.jpg?1755856851,Crystal,189,2,RDM
Tay Talenath,45740169,94,91,Raiden,Light,499,0,b2fa0c7222f7e3ebe117f24a200e11d8_a370664d98f658f4ed4e620f378f73cdfc0.jpg?1755856750,Crystal,173,10,PCT
Tie Jai,37372216,95,92,Spriggan,Chaos,499,0,86788f29e7343af9b7142d3f6d6695f0_feaf0a2e88ff164813fbc9b85876fa48fc0.jpg?1755858263,Crystal,125,6,GNB
Robin Baltemys,5860543,96,119,Odin,Light,498,199,c0b65624201e30005bd9dac89e14696a_644311b63b607133c989d7c1188467dafc0.jpg?1755856984,Crystal,127,8,RDM
Dzika Orka,23708998,97,93,Omega,Chaos,498,0,6022b6fb399bb1fa2fcd2a2b0717b117_39e25ac3d737c46452305eefe324372cfc0.jpg?1755857285,Crystal,106,0,CRP
Gaspard Deguingoix,11032081,98,94,Moogle,Chaos,498,0,b9283e6a6be9cd219ee0afea98546775_d7a9d5f85a29d6278ec1c7adc2c8d242fc0.jpg?1755857580,Crystal,58,0,SGE
White Noise',47747214,99,95,Raiden,Light,498,0,3bf617bec1a403388f9c3c43700db590_a370664d98f658f4ed4e620f378f73cdfc0.jpg?1755858260,Crystal,49,0,NIN
Lunner North,30490724,100,96,Odin,Light,497,0,8466870fbd8ed243e74c7f15afca611b_644311b63b607133c989d7c1188467dafc0.jpg?1755857667,Crystal,198,27,ARM
Big Catfish,47870008,101,102,Cerberus,Chaos,496,3,e1145112395cac897fb817226feefc06_777c57311d510ca65dac3c1077dee435fc0.jpg?1755858857,Crystal,61,9,SGE
Neclord Drakan,34358772,102,97,Phoenix,Light,495,0,7e002012c8fc4f9e493cd5879573e088_5047bc596a4bab2dc7f7c120bb22dec5fc0.jpg?1755857079,Crystal,137,10,SCH
Savi Zizo,36020595,103,98,Phoenix,Light,494,0,654a4334b8f77ad31212ae883d8c8df4_5047bc596a4bab2dc7f7c120bb22dec5fc0.jpg?1755857735,Crystal,121,0,MCH
Memento Mo'ri,1641495,104,201,Ragnarok,Chaos,494,494,86323bce84189061b1d71ff1dc25266a_40d57ba713628f3f1ef5ef204b6d76d2fc0.jpg?1755857093,Crystal,95,22,SMN
Dalik Mathis,9537863,105,99,Ragnarok,Chaos,494,0,fd4dde44208527cc20e58ba589d51f01_40d57ba713628f3f1ef5ef204b6d76d2fc0.jpg?1755857798,Crystal,28,0,BTN
Joseph Fleurer,53645847,106,100,Moogle,Chaos,493,0,d50aa75b35158b70fefc04b8fe2007fe_d7a9d5f85a29d6278ec1c7adc2c8d242fc0.jpg?1755857241,Crystal,292,0,RDM
Xylia Lyn,2825468,107,101,Moogle,Chaos,493,0,997eb452311a22f85956694216c8c0f8_d7a9d5f85a29d6278ec1c7adc2c8d242fc0.jpg?1755856833,Crystal,137,0,WHM
Remy Galleu,52837552,108,103,Alpha,Light,487,0,1c98cde60dda0890554eff5601f7b441_6132295fcf5570fb8b0a944ef322a598fc0.jpg?1755857085,Crystal,14,0,GNB
Fel Kartof,42782705,109,104,Spriggan,Chaos,408,0,f7dbcfc8e88bfbefdb4e49353240ff03_feaf0a2e88ff164813fbc9b85876fa48fc0.jpg?1755856754,Crystal,193,0,MCH
Carme Koe,16444140,110,105,Zodiark,Light,404,0,896c0fd2c0c7bebd238cc3fc693fccbc_c274370774c6bc3483cc8740805f41bcfc0.jpg?1755858735,Crystal,203,24,MCH
Madelynn Veil,49771412,111,106,Omega,Chaos,404,0,92f91d9225bb816c6562fb117814681e_39e25ac3d737c46452305eefe324372cfc0.jpg?1755858846,Crystal,130,0,BLM
Remes Yveltar,21757305,112,107,Shiva,Light,402,0,20b9e744e2190850310da72ffaf5c5d4_3fbff0e6b620e4d259dc427abc6574dafc0.jpg?1755857525,Crystal,86,0,VPR
Yu Yevon,1681110,113,108,Odin,Light,401,0,d5ceace67dec3848e2cffccb1eab8dfb_644311b63b607133c989d7c1188467dafc0.jpg?1755857555,Crystal,125,2,PLD
Zot To,18725302,114,109,Cerberus,Chaos,401,0,852c16bac4fe7f528a8653c65704e818_777c57311d510ca65dac3c1077dee435fc0.jpg?1755858833,Crystal,66,0,RDM
Sonny Fier,11675019,115,110,Cerberus,Chaos,399,0,da65277afb3d27d0dac4884c31cb06af_777c57311d510ca65dac3c1077dee435fc0.jpg?1755855871,Crystal,95,0,VPR
Zhinna Maya,8219011,116,111,Odin,Light,398,0,b96bc839d3db0d26e61bf4b24282c925_644311b63b607133c989d7c1188467dafc0.jpg?1755855889,Crystal,131,8,WAR
Two Koma,51508003,117,112,Zodiark,Light,398,0,15a666f8d7bb67401300fae763ce4d32_c274370774c6bc3483cc8740805f41bcfc0.jpg?1755858676,Crystal,36,0,WAR
Kotagi Togeshi,45536785,118,115,Ragnarok,Chaos,310,0,77a7a1fd8f0ed3e1385e702c543d1106_40d57ba713628f3f1ef5ef204b6d76d2fc0.jpg?1755856521,Crystal,116,6,SMN
Tyr Neriak,19006698,119,183,Omega,Chaos,305,205,efc48a1823652a4394af9af66ed7359d_39e25ac3d737c46452305eefe324372cfc0.jpg?1755855805,Crystal,49,9,UNK
Nagisa Bright,9732794,120,116,Cerberus,Chaos,300,0,81c1eebd6ce8dd6e6897241868e2db1b_777c57311d510ca65dac3c1077dee435fc0.jpg?1755858921,Crystal,92,0,GNB
Gella Zenhat,16553524,121,117,Cerberus,Chaos,299,0,34542c2a2fe5b9a690d00a5565e15c1b_777c57311d510ca65dac3c1077dee435fc0.jpg?1755858792,Crystal,203,7,SMN
Aymeric Lionnellais,31865466,122,118,Raiden,Light,299,0,bb6879afcc6be8f3efa25de273b93f77_a370664d98f658f4ed4e620f378f73cdfc0.jpg?1755856287,Crystal,130,0,UNK
Postsovietskiy Custom,56111705,123,120,Louisoix,Chaos,299,0,5ba9c3cb162c203344dedac7774fba0f_0a122616f3718d3f45cab10fd8fc1604fc0.jpg?1755857251,Crystal,111,0,NIN
Tako Yaki,27361125,124,121,Ragnarok,Chaos,299,0,120e9d58db5e4ddf553f00f6f3560dec_40d57ba713628f3f1ef5ef204b6d76d2fc0.jpg?1755857387,Crystal,68,0,SMN
Brian Ricardo,19883847,125,122,Ragnarok,Chaos,299,0,37b0c97cd1ddc0f966d9e223e20f4f7b_40d57ba713628f3f1ef5ef204b6d76d2fc0.jpg?1755857642,Crystal,40,0,WHM
Natsu Yuki,41186796,126,123,Phoenix,Light,298,0,99f183a6821ac81e8cdda7ec8f07874a_5047bc596a4bab2dc7f7c120bb22dec5fc0.jpg?1755858183,Crystal,133,0,MIN
Makoto Kurusu,52868514,127,124,Alpha,Light,298,0,8fbea6f85d026acc9443dee5147a6a0c_6132295fcf5570fb8b0a944ef322a598fc0.jpg?1755858834,Crystal,82,0,SMN
Mitsuki Mirai,18435457,128,125,Louisoix,Chaos,298,0,365f1772f387bd280bdbfc16afbd5e4e_0a122616f3718d3f45cab10fd8fc1604fc0.jpg?1755858197,Crystal,58,0,WHM
Honey Bagel,39793250,129,150,Sagittarius,Chaos,297,99,4119dcf22656228778f1a70d9c734a44_44ca0844398b2d010d8cd4a31ddb023dfc0.jpg?1755857460,Crystal,104,12,UNK
Noctis Lucis-caellum,44086893,130,213,Shiva,Light,296,296,d7d3e4a43d7d52f423959e37bf92770f_3fbff0e6b620e4d259dc427abc6574dafc0.jpg?1755855936,Crystal,223,23,RPR
Enrei Esthule,16223299,131,126,Lich,Light,296,0,075328fa236ca776da32524ca8bd395c_7206469080400ed57a5373d0a9c55c59fc0.jpg?1755856208,Crystal,45,0,AST
Platinum Rank'one,46972228,132,127,Phantom,Chaos,295,0,070120f89920151a466e012ca309c99f_f0a43d6e5eea19af337a176e9836acddfc0.jpg?1755856174,Crystal,36,0,PCT
Lynn Iguru,18385143,133,128,Louisoix,Chaos,294,0,ef54656282be422229ef7490c0068ac7_0a122616f3718d3f45cab10fd8fc1604fc0.jpg?1755855673,Crystal,125,0,UNK
Yuumi Fish,25707217,134,154,Cerberus,Chaos,293,97,1a7ebbda26c28eb61f262b9fb37e8c6e_777c57311d510ca65dac3c1077dee435fc0.jpg?1755858135,Crystal,31,1,DNC
Sebruz Lunefeu,43940627,135,129,Phoenix,Light,209,0,c88d7d2e68c0d2714528ff7536825940_5047bc596a4bab2dc7f7c120bb22dec5fc0.jpg?1755857609,Crystal,47,0,RDM
Para Tia,24719023,136,130,Ragnarok,Chaos,205,0,272d6d1812042cbb230663b7adc527fd_40d57ba713628f3f1ef5ef204b6d76d2fc0.jpg?1755857748,Crystal,290,14,MCH
Delzor Waka,40194085,137,131,Odin,Light,204,0,bde30c4caff355f65cf9761727b12725_644311b63b607133c989d7c1188467dafc0.jpg?1755857562,Crystal,208,12,MCH
Uraraka Lunae,19968499,138,132,Louisoix,Chaos,204,0,87178981b631653f4905b195c6c49583_0a122616f3718d3f45cab10fd8fc1604fc0.jpg?1755858567,Crystal,180,16,SAM
Ray Croft,29659793,139,134,Shiva,Light,202,0,56ebf33c0c49fd7529d32303d4b7c8d9_3fbff0e6b620e4d259dc427abc6574dafc0.jpg?1755859206,Crystal,212,0,RDM
Haroomi Mae,47248743,140,135,Raiden,Light,202,0,770a624522dc3f95ef75247a554dceb7_a370664d98f658f4ed4e620f378f73cdfc0.jpg?1755857640,Crystal,58,2,AST
Meiko Seravox,57930597,141,136,Phantom,Chaos,201,0,fd23fb94115db9812af122e29610239c_f0a43d6e5eea19af337a176e9836acddfc0.jpg?1755856833,Crystal,210,10,MCH
Yun' Yun,11341467,142,137,Cerberus,Chaos,201,0,df098ceed6d9cf14cf61cc4110cd6cb5_777c57311d510ca65dac3c1077dee435fc0.jpg?1755858223,Crystal,73,0,WHM
Thor Strom,35911315,143,195,Cerberus,Chaos,201,201,3826da79ed71141aec290f69127b5c79_777c57311d510ca65dac3c1077dee435fc0.jpg?1755856366,Crystal,32,12,DRG
Very Sad,35588054,144,138,Alpha,Light,200,0,cbc407d2a1fd12a523e748daf7f8c84b_6132295fcf5570fb8b0a944ef322a598fc0.jpg?1755856870,Crystal,132,0,NIN
Vasya Pupkin,31945676,145,139,Cerberus,Chaos,200,0,8cb71c96a9fe7067f35566bacfe5d111_777c57311d510ca65dac3c1077dee435fc0.jpg?1755858666,Crystal,106,0,WAR
L- Lawliet,7221957,146,140,Cerberus,Chaos,200,0,6e5100e5b917acc4a0001eb86c96866e_777c57311d510ca65dac3c1077dee435fc0.jpg?1755858064,Crystal,80,0,WHM
Ceoh Shife,32511071,147,141,Ragnarok,Chaos,200,0,10ccb88d08b50a86f2f3c8037aedbac2_40d57ba713628f3f1ef5ef204b6d76d2fc0.jpg?1755857367,Crystal,69,0,MNK
Maana Xhula,15762123,148,142,Phoenix,Light,199,0,38beafe0db5d9a3faf5c9326bcf81f1f_5047bc596a4bab2dc7f7c120bb22dec5fc0.jpg?1755859113,Crystal,184,14,MCH
Asphal Flaye,51597003,149,207,Lich,Light,199,199,0925f20570c006b2455be17ee78802ef_7206469080400ed57a5373d0a9c55c59fc0.jpg?1755857485,Crystal,142,10,DRG
Seraban Mistodisushi,25116690,150,143,Omega,Chaos,199,0,9ab6f5d4307a747e8378402c6070b2a7_39e25ac3d737c46452305eefe324372cfc0.jpg?1755858664,Crystal,135,0,MCH
Ronka Wolfborn,24572571,151,144,Twintania,Light,199,0,d2caedc1b53b0cf42702df654d363a5d_c33f640c0cdd35f7def85b8aa31a0007fc0.jpg?1755859003,Crystal,112,0,WHM
Renna Vorak,25421061,152,168,Raiden,Light,199,99,c2dc94bad32c136ebcdcb42ec56ba1c3_a370664d98f658f4ed4e620f378f73cdfc0.jpg?1755858325,Crystal,98,1,PLD
Beri Felinya,26066355,153,145,Lich,Light,199,0,86bf2a099b51904992ee7b99d1a77e98_7206469080400ed57a5373d0a9c55c59fc0.jpg?1755857286,Crystal,83,0,NIN
Hegel Gil,25438753,154,146,Omega,Chaos,199,0,5ed500fc1dd1d9cbbc95000a80326ff7_39e25ac3d737c46452305eefe324372cfc0.jpg?1755858121,Crystal,79,0,WAR
Kira Lantarra,36911065,155,147,Zodiark,Light,198,0,f747398501f7c60bb6131fe935937ede_c274370774c6bc3483cc8740805f41bcfc0.jpg?1755858987,Crystal,182,25,MCH
Liyfee Hana,34503487,156,148,Cerberus,Chaos,198,0,b336da36a86d3e3ff63c9698075f7bff_777c57311d510ca65dac3c1077dee435fc0.jpg?1755855863,Crystal,143,0,SMN
Shaying Rengarf,1688652,157,149,Ragnarok,Chaos,198,0,9f6e8954dec429710a07fcf4059d3ae8_40d57ba713628f3f1ef5ef204b6d76d2fc0.jpg?1755858985,Crystal,98,0,BLM
Tsuguri Tempest,8093380,158,151,Cerberus,Chaos,198,0,673dd69d52b7f7c210bb231091fd1922_777c57311d510ca65dac3c1077dee435fc0.jpg?1755857865,Crystal,52,0,PLD
Ka La,18103622,159,152,Ragnarok,Chaos,198,0,79cb69a4d9a7535c8ee4e2bbfc9b2a1d_40d57ba713628f3f1ef5ef204b6d76d2fc0.jpg?1755856676,Crystal,44,0,SAM
Creamy Succubus,36293366,160,153,Spriggan,Chaos,197,0,15e9207c6ceb24b3818eabab978be8f3_feaf0a2e88ff164813fbc9b85876fa48fc0.jpg?1755856513,Crystal,19,0,SGE
Teale Teslonia,24123514,161,155,Raiden,Light,195,0,85c590ab0b87f38c4c63379bd665bddd_a370664d98f658f4ed4e620f378f73cdfc0.jpg?1755855806,Crystal,184,8,BLM
Veil Walker,54006107,162,200,Alpha,Light,194,194,b5abc5738b59f6074b0f6ea804fdfa05_6132295fcf5570fb8b0a944ef322a598fc0.jpg?1755859246,Crystal,177,15,WHM
Ante Tribal,3275874,163,156,Twintania,Light,101,0,fe6488d1a77f249ef2a269def3a65e73_c33f640c0cdd35f7def85b8aa31a0007fc0.jpg?1755857013,Crystal,187,0,PCT
Kimbi Aoe,24693270,164,157,Shiva,Light,101,0,67e0ddfb70faf5725a971d086cfdce61_3fbff0e6b620e4d259dc427abc6574dafc0.jpg?1755857217,Crystal,59,0,DNC
Leedo Dale,25033597,165,158,Zodiark,Light,100,0,9e122691e98bda2ea6abe86ed7b81a63_c274370774c6bc3483cc8740805f41bcfc0.jpg?1755856754,Crystal,362,0,BRD
Nora Carmilla,49318140,166,159,Louisoix,Chaos,100,0,29f2060673efd96486eda9c87d320a35_0a122616f3718d3f45cab10fd8fc1604fc0.jpg?1755856453,Crystal,321,0,MNK
Immersive Glitch,11611588,167,160,Spriggan,Chaos,100,0,0b3c92adf3d859c9266b329e36050ea6_feaf0a2e88ff164813fbc9b85876fa48fc0.jpg?1755858762,Crystal,195,3,RDM
Tomasz Gimaggi,40596537,168,161,Moogle,Chaos,100,0,3dc06f6399e8b3f7118370ce02b0dd5e_d7a9d5f85a29d6278ec1c7adc2c8d242fc0.jpg?1755859129,Crystal,179,0,FSH
Lina Sunstar,52075433,169,162,Phoenix,Light,100,0,d60c4576e74acfcd0ed77a6ea5d48800_5047bc596a4bab2dc7f7c120bb22dec5fc0.jpg?1755858584,Crystal,172,0,UNK
Sunie Dakwhil,12728791,170,163,Twintania,Light,100,0,4760f9b45bd6f71f83adbd97ab87eae3_c33f640c0cdd35f7def85b8aa31a0007fc0.jpg?1755857954,Crystal,148,0,DNC
Ossim Numine,26339671,171,164,Spriggan,Chaos,100,0,c5d164dd5b0090daf2749023d8296214_feaf0a2e88ff164813fbc9b85876fa48fc0.jpg?1755858405,Crystal,114,0,GNB
Fena Solba,31594261,172,165,Omega,Chaos,100,0,a0f2bdb54b25e0706daf73d3994eda74_39e25ac3d737c46452305eefe324372cfc0.jpg?1755858676,Crystal,109,0,PCT
Keisuke Ru'rin,28856291,173,166,Phantom,Chaos,100,0,75097745e92e20bb0a753d49a51020e8_f0a43d6e5eea19af337a176e9836acddfc0.jpg?1755857006,Crystal,103,0,NIN
Aya Ayane,41570933,174,167,Sagittarius,Chaos,100,0,987c1389de1f2b6552a2407735702553_44ca0844398b2d010d8cd4a31ddb023dfc0.jpg?1755857423,Crystal,99,0,UNK
Pattinger Kersel,8183392,175,232,Raiden,Light,100,100,4fec5839fc0fc0bba3a80fc4e1910660_a370664d98f658f4ed4e620f378f73cdfc0.jpg?1755858446,Crystal,89,7,PLD
Eden Sight,26795634,176,169,Zodiark,Light,100,0,0082848ea437238b52e2fc002e546579_c274370774c6bc3483cc8740805f41bcfc0.jpg?1755857633,Crystal,88,0,DRG
Victoria Nyala,43751055,176,170,Phoenix,Light,100,0,d41ca298e2f03ee2273aca61640ebce0_5047bc596a4bab2dc7f7c120bb22dec5fc0.jpg?1755858839,Crystal,88,2,WAR
Feral Flower,52018291,178,171,Sagittarius,Chaos,100,0,aebb2649bbe74f5212ba8599cdb1ecaf_44ca0844398b2d010d8cd4a31ddb023dfc0.jpg?1755857789,Crystal,83,0,UNK
Tora Arnet,14999105,178,172,Odin,Light,100,0,3eb8b4c19616d2f3a63cc2cae0830e5f_644311b63b607133c989d7c1188467dafc0.jpg?1755858367,Crystal,83,3,WHM
Brutal Killer,8885117,180,173,Ragnarok,Chaos,100,0,30c6a6207c7e93d407784888a7f29c97_40d57ba713628f3f1ef5ef204b6d76d2fc0.jpg?1755856824,Crystal,79,0,DRK
Mohli Pestyg,36540018,181,174,Odin,Light,100,0,5af112cb40e01a48849fa2016d1f9669_644311b63b607133c989d7c1188467dafc0.jpg?1755858808,Crystal,78,0,PCT
Zim Brinstar,3323527,182,175,Odin,Light,100,0,d0d1b1076e2c53eb8735b93bf975477c_644311b63b607133c989d7c1188467dafc0.jpg?1755858422,Crystal,77,0,BRD
Mali Haijy,18902907,183,210,Moogle,Chaos,100,100,37d4ed51fa473d3a9cf9dc0b40339017_d7a9d5f85a29d6278ec1c7adc2c8d242fc0.jpg?1755856818,Crystal,72,14,VPR
Kon Kichi,16494284,184,247,Ragnarok,Chaos,100,100,b0ad4e12ebd59b687aaf37b61426811e_40d57ba713628f3f1ef5ef204b6d76d2fc0.jpg?1755856621,Crystal,70,5,GNB
Cute'justice Enjoyer,36890452,185,191,Cerberus,Chaos,100,100,9604305ba4badce3cd48d71b2fbba926_777c57311d510ca65dac3c1077dee435fc0.jpg?1755858040,Crystal,69,7,VPR
Max Hawkes,22442332,186,176,Zodiark,Light,100,0,6bdc09f0e0fcbd5546b16ad91ef246ff_c274370774c6bc3483cc8740805f41bcfc0.jpg?1755855725,Crystal,59,0,DRK
A'chai Tia,58286240,187,177,Louisoix,Chaos,100,0,4cb5d80ac6b86f407a0fe43dc04cbcce_0a122616f3718d3f45cab10fd8fc1604fc0.jpg?1755856968,Crystal,57,0,BRD
Woofer Wrynn,39198163,187,177,Ragnarok,Chaos,100,0,3f1aef747eaad97cc5cec084d2e9d506_40d57ba713628f3f1ef5ef204b6d76d2fc0.jpg?1755858519,Crystal,57,0,WAR
Autuas Au,37357840,189,179,Phantom,Chaos,100,0,5c8929453beb42fb1a167e93eca11abf_f0a43d6e5eea19af337a176e9836acddfc0.jpg?1755856027,Crystal,51,0,UNK
Asra Arnault,31658031,190,180,Louisoix,Chaos,100,0,5e00348183a0f05f7a124d8fa6da7f95_0a122616f3718d3f45cab10fd8fc1604fc0.jpg?1755858374,Crystal,48,0,UNK
Marci Sidekick,41408431,191,181,Zodiark,Light,100,0,a9c3b41a05dec1fd191fe80f38009aa5_c274370774c6bc3483cc8740805f41bcfc0.jpg?1755858936,Crystal,46,0,DRG
Yuripa Arashi,37731658,191,181,Shiva,Light,100,0,73ff0d0b3cc5f92ec79dabffa2bedf80_3fbff0e6b620e4d259dc427abc6574dafc0.jpg?1755856271,Crystal,46,0,SCH
Vena Attire,43633781,193,184,Zodiark,Light,100,0,2916b10cce219f77debbcb017215616b_c274370774c6bc3483cc8740805f41bcfc0.jpg?1755859243,Crystal,36,0,AST
Kaede Yumishi,54070516,194,185,Raiden,Light,100,0,5d811f127e0fbf2c1fe988e910219758_a370664d98f658f4ed4e620f378f73cdfc0.jpg?1755858769,Crystal,34,0,UNK
Roy Dimgao,29524655,195,186,Omega,Chaos,100,0,320af7149c63c337e5826c2c2cc1bf37_39e25ac3d737c46452305eefe324372cfc0.jpg?1755858134,Crystal,32,0,SAM
Valaina Arkane,12209701,196,261,Odin,Light,100,100,8ca9628e91cfdbd8f55027b4b9b5ba3e_644311b63b607133c989d7c1188467dafc0.jpg?1755855901,Crystal,30,4,WHM
Lia Lothje,30611623,197,187,Odin,Light,100,0,12f34ee0f0d0404c9b47a7fea301f068_644311b63b607133c989d7c1188467dafc0.jpg?1755858112,Crystal,15,0,SMN
Corb Kokojoni,6787299,198,188,Ragnarok,Chaos,0,0,f26d0a2ff850097bbea861eb53883148_40d57ba713628f3f1ef5ef204b6d76d2fc0.jpg?1755859200,Diamond,326,6,GSM
A'dyalani Sato,10026278,199,189,Odin,Light,0,0,d072994a22af88090aecf6e5a3b85c36_644311b63b607133c989d7c1188467dafc0.jpg?1755857700,Diamond,168,0,PLD
Riseon Misha,26343965,200,190,Zodiark,Light,0,0,d883dcfcee6650b3e6e1691bf6838f6c_c274370774c6bc3483cc8740805f41bcfc0.jpg?1755856258,Diamond,110,0,WHM
Amethyst Celeste,34974515,201,0,Cerberus,Chaos,0,0,d5d007fe6a010f21f5437557dc796eb0_777c57311d510ca65dac3c1077dee435fc0.jpg?1755857558,Diamond,52,13,MCH
Thalia Meow,41267879,202,192,Louisoix,Chaos,0,0,4e92b01413c32cd46ae8e840cbfea083_0a122616f3718d3f45cab10fd8fc1604fc0.jpg?1755857843,Diamond,47,0,SGE
Aris Oz,41983172,203,193,Zodiark,Light,0,0,abbd4cf51609bf59977c5b4850c4c351_c274370774c6bc3483cc8740805f41bcfc0.jpg?1755859098,Diamond,36,0,WAR
Yujin Diamond,3398427,204,194,Shiva,Light,0,0,77f4519323422022823e54916c05c079_3fbff0e6b620e4d259dc427abc6574dafc0.jpg?1755857562,Diamond,31,0,RDM
Evaline Ra-kaifu,37526808,205,196,Alpha,Light,0,0,96a537579298d2ddb722aa9b834262cd_6132295fcf5570fb8b0a944ef322a598fc0.jpg?1755858034,Diamond,14,0,WHM
Hrodrich Frostwyght,57919169,206,197,Lich,Light,0,0,5e6436d53a20ae19928ffff4514ce8d0_7206469080400ed57a5373d0a9c55c59fc0.jpg?1755857602,Diamond,108,0,UNK
Nima Yanchen,16780005,207,198,Ragnarok,Chaos,0,0,b091a0d7f1b7fec1f57bac5ac173d7fe_40d57ba713628f3f1ef5ef204b6d76d2fc0.jpg?1755857394,Diamond,101,0,VPR
Nama Nari,24786884,208,199,Omega,Chaos,0,0,c5c78c4cbd2c36c0d234f971eb41fdce_39e25ac3d737c46452305eefe324372cfc0.jpg?1755856514,Diamond,36,0,UNK
Rei Nara,30869508,209,202,Ragnarok,Chaos,0,0,6d7be1a63248369bf5017070a85d6bd0_40d57ba713628f3f1ef5ef204b6d76d2fc0.jpg?1755855797,Diamond,65,0,UNK
Matthew Farron,46382254,210,0,Raiden,Light,0,0,8a0cac368a690f9e4989035a34aafa37_a370664d98f658f4ed4e620f378f73cdfc0.jpg?1755857243,Diamond,52,8,GNB
Lunaelumen Heartless,3344766,211,203,Phoenix,Light,0,0,442c49c53db78614043ce10aa9733411_5047bc596a4bab2dc7f7c120bb22dec5fc0.jpg?1755858431,Diamond,51,0,DRK
Thesa Sergearis,47267643,212,224,Raiden,Light,0,0,09dba50da69ae23c7f77aa5135356ea2_a370664d98f658f4ed4e620f378f73cdfc0.jpg?1755858922,Diamond,26,1,SMN
Akurei Amotanius,36595921,213,204,Odin,Light,0,0,ca5d9f24b62995e3bcb5d25cc576fc70_644311b63b607133c989d7c1188467dafc0.jpg?1755857635,Diamond,205,3,MNK
Arlys Merquis,22443885,214,205,Omega,Chaos,0,0,555dd337c7227414481209f295fed99b_39e25ac3d737c46452305eefe324372cfc0.jpg?1755858594,Diamond,159,0,NIN
Aleya Meriwood,44854946,215,206,Twintania,Light,0,0,ae831ad52999f7b17276a4d7e4f57e70_c33f640c0cdd35f7def85b8aa31a0007fc0.jpg?1755858533,Diamond,135,0,CUL
Charon Tesar,2860491,216,250,Shiva,Light,0,0,71fb4ffe6d15608a77682afdbdef53d7_3fbff0e6b620e4d259dc427abc6574dafc0.jpg?1755857084,Diamond,126,2,PCT
Sir Zeding,25636020,217,208,Louisoix,Chaos,0,0,152a8080b6f49fabcaf2969776e44d66_0a122616f3718d3f45cab10fd8fc1604fc0.jpg?1755859150,Diamond,108,5,DRG
Rococo Rocci,20024582,218,209,Twintania,Light,0,0,daee1fe786fa8a581eb947e1db75c268_c33f640c0cdd35f7def85b8aa31a0007fc0.jpg?1755857356,Diamond,95,0,PCT
Shadow Aya,54551815,219,211,Zodiark,Light,0,0,5ca13f39db9eefc50e8e57be73e7254e_c274370774c6bc3483cc8740805f41bcfc0.jpg?1755855782,Diamond,13,0,DRK
Mr Zoro,46151223,220,212,Raiden,Light,0,0,3d193d6d7090a654a59e926bcd7a3864_a370664d98f658f4ed4e620f378f73cdfc0.jpg?1755857826,Diamond,412,25,UNK
Rhen Veydris,2197336,221,238,Odin,Light,0,0,7eccc4a3c359b6261d61b9a4a1edfd7e_644311b63b607133c989d7c1188467dafc0.jpg?1755857326,Diamond,216,12,ARM
Reddo Everflame,39026766,222,214,Zodiark,Light,0,0,4fe9d3f26b1239946c8951208fcdfa88_c274370774c6bc3483cc8740805f41bcfc0.jpg?1755856744,Diamond,164,23,DRK
Grunbeld Murotar,38372576,223,215,Moogle,Chaos,0,0,4935519e129579ee4ea2d9fd7f3e211f_d7a9d5f85a29d6278ec1c7adc2c8d242fc0.jpg?1755857407,Diamond,139,0,SGE
Seventh Prince,18364479,224,216,Sagittarius,Chaos,0,0,9a2048d77db61bfce83adaca7a3d20e6_44ca0844398b2d010d8cd4a31ddb023dfc0.jpg?1755858045,Diamond,124,2,DRG
Yuki Shinryu,18457903,225,241,Omega,Chaos,0,0,7c3380880e156cefcc0afc85574b6091_39e25ac3d737c46452305eefe324372cfc0.jpg?1755858254,Diamond,113,11,WHM
Lord Beerpong,32339736,226,219,Ragnarok,Chaos,0,0,43c14b84a3522fae22e6e13e9e2ddae0_40d57ba713628f3f1ef5ef204b6d76d2fc0.jpg?1755857200,Diamond,83,10,CUL
Oromi Rhiki,16523830,227,217,Lich,Light,0,0,ab89760a923d31eace5980a003c4e621_7206469080400ed57a5373d0a9c55c59fc0.jpg?1755858910,Diamond,79,0,WVR
Victus Victorious,29434550,228,218,Zodiark,Light,0,0,6e3ec7cf8b6b93c69952ef4654d35a0a_c274370774c6bc3483cc8740805f41bcfc0.jpg?1755857478,Diamond,76,0,BTN
Bing Bing,25917338,229,220,Odin,Light,0,0,7f2d07a748bf9d9065301e64c8395f53_644311b63b607133c989d7c1188467dafc0.jpg?1755857785,Diamond,68,0,WHM
Red Fluffy,41965323,230,273,Shiva,Light,0,0,6e4c702e77f55eff42d4c42a07f242db_3fbff0e6b620e4d259dc427abc6574dafc0.jpg?1755855882,Diamond,54,2,VPR
Mana Hatasashi,45157015,231,221,Phantom,Chaos,0,0,cd50c29e576a57cdaa12625487c38f8a_f0a43d6e5eea19af337a176e9836acddfc0.jpg?1755856338,Diamond,52,0,UNK
Raven Quinn,13410885,232,222,Cerberus,Chaos,0,0,2c7d08355665f2e1bd32d304a60d7a47_777c57311d510ca65dac3c1077dee435fc0.jpg?1755856870,Diamond,50,0,MCH
Rei Morow,28187368,233,223,Raiden,Light,0,0,3f9c2b5b08b9fdb4c7d188d33979cea6_a370664d98f658f4ed4e620f378f73cdfc0.jpg?1755856362,Diamond,45,0,UNK
Crimson Silver,3116097,234,225,Odin,Light,0,0,697a0c4de1ef071a19da282c675f2f27_644311b63b607133c989d7c1188467dafc0.jpg?1755856633,Diamond,193,25,GNB
Lapis Antiqua,42780717,235,226,Cerberus,Chaos,0,0,52a6af383c1b05ba0c263ea1d76bd792_777c57311d510ca65dac3c1077dee435fc0.jpg?1755856055,Diamond,147,0,MCH
Elwing Damar,25889871,236,227,Moogle,Chaos,0,0,944d594d237a7e0ba0693b87c612c278_d7a9d5f85a29d6278ec1c7adc2c8d242fc0.jpg?1755858023,Diamond,136,0,RDM
Meekha Engel,9093627,237,228,Cerberus,Chaos,0,0,e88c8910803d55d8308b4bb1f71bd8e0_777c57311d510ca65dac3c1077dee435fc0.jpg?1755858420,Diamond,128,6,AST
Aiva Ibusaki,11039086,238,229,Shiva,Light,0,0,39b96ee63110c8909c27318f222d3695_3fbff0e6b620e4d259dc427abc6574dafc0.jpg?1755858248,Diamond,98,3,CUL
Calais Starmantle,29947683,239,230,Phoenix,Light,0,0,277d442e83d413dc4e1ecc0d8ec6aa3f_5047bc596a4bab2dc7f7c120bb22dec5fc0.jpg?1755857412,Diamond,92,1,GNB
Namidea Valniere,2243911,240,231,Ragnarok,Chaos,0,0,51e8d4ba7b715f7acfa7ea17e9e15f5e_40d57ba713628f3f1ef5ef204b6d76d2fc0.jpg?1755857804,Diamond,86,0,DRK
Amarth Vual,37220642,241,233,Lich,Light,0,0,64bdc4017f196c6ab4c813692496b5f6_7206469080400ed57a5373d0a9c55c59fc0.jpg?1755857870,Diamond,84,4,PLD
Allen Thyl,39251338,242,234,Cerberus,Chaos,0,0,372cf3acaa4e94b0101e4fc53f4b08d4_777c57311d510ca65dac3c1077dee435fc0.jpg?1755857362,Diamond,75,0,NIN
Sal Ren,40787945,243,236,Phantom,Chaos,0,0,9613f7a8c0a759977b8a3fe787fed7e0_f0a43d6e5eea19af337a176e9836acddfc0.jpg?1755855914,Diamond,71,18,WAR
Kiara Anima,33528154,244,235,Raiden,Light,0,0,f1bb383b8594f615718c3d7f602fc10c_a370664d98f658f4ed4e620f378f73cdfc0.jpg?1755856621,Diamond,66,0,MNK
Cecilia Wright,29686272,245,237,Omega,Chaos,0,0,521a76d7e6285dcc102337d8dcaba195_39e25ac3d737c46452305eefe324372cfc0.jpg?1755855859,Diamond,52,0,DRK
Malanya Gilvegania,5121870,246,239,Spriggan,Chaos,0,0,7ec64e843e5e07f20b84e9a853e057df_feaf0a2e88ff164813fbc9b85876fa48fc0.jpg?1755858262,Diamond,125,0,GNB
Yorokobi Honto,22647788,247,252,Louisoix,Chaos,0,0,6ce613729b0649fb6f7ce331b5983678_0a122616f3718d3f45cab10fd8fc1604fc0.jpg?1755858863,Diamond,123,2,SMN
Nero Tidebringer,22058267,248,240,Louisoix,Chaos,0,0,5b596e4be2cd63bf74b6ee32d186d428_0a122616f3718d3f45cab10fd8fc1604fc0.jpg?1755857463,Diamond,110,0,SMN
Alma Larenn,31655917,249,241,Phantom,Chaos,0,0,954864bfc9ac5db0aad9f8e8f38de6bd_f0a43d6e5eea19af337a176e9836acddfc0.jpg?1755858213,Diamond,102,0,MCH
Truffles Bubbles,3277931,249,241,Odin,Light,0,0,b961fb7ba7c3ffb0f64e8444a41aeb89_644311b63b607133c989d7c1188467dafc0.jpg?1755858595,Diamond,102,0,ARM
Ayata Miyabi,20861679,251,244,Louisoix,Chaos,0,0,5b26312fcf95dd3660fa779f2ed897f3_0a122616f3718d3f45cab10fd8fc1604fc0.jpg?1755858180,Diamond,89,0,RDM
Alumae Lane,33730385,252,245,Omega,Chaos,0,0,691b06937e21977e1f13ff9a96dcabcc_39e25ac3d737c46452305eefe324372cfc0.jpg?1755859167,Diamond,83,0,BLM
Gernhart Reinballern,37606716,253,246,Spriggan,Chaos,0,0,acf6c4c95733af33c80e9c3b63eddf63_feaf0a2e88ff164813fbc9b85876fa48fc0.jpg?1755855911,Diamond,73,0,BLM
Angela Sunseeker,18544957,254,259,Louisoix,Chaos,0,0,cc6e4bece2719089c467e0dfb06918ef_0a122616f3718d3f45cab10fd8fc1604fc0.jpg?1755855824,Diamond,61,3,AST
Nobbee Bee,525689,255,248,Cerberus,Chaos,0,0,0fbb4f119d088d3db6e99ed2914b52e3_777c57311d510ca65dac3c1077dee435fc0.jpg?1755855713,Diamond,169,0,WVR
Chrizp Bacon,36384036,256,249,Twintania,Light,0,0,70d8a7be00f886b4053e18b555f41c88_c33f640c0cdd35f7def85b8aa31a0007fc0.jpg?1755858768,Diamond,144,0,PLD
Emmie Wallenkirsch,25849519,257,251,Odin,Light,0,0,9b735b6774198047a29e10acfac44a7b_644311b63b607133c989d7c1188467dafc0.jpg?1755857087,Diamond,122,0,BLM
Wiwiwi Wiwiwi,898746,258,253,Omega,Chaos,0,0,eb3d13810b365032b10026ea0d5413f7_39e25ac3d737c46452305eefe324372cfc0.jpg?1755857941,Diamond,111,0,BRD
Lorem Malaguld,38433729,259,254,Phoenix,Light,0,0,e1a4fe415f857d763dd34028b258f04c_5047bc596a4bab2dc7f7c120bb22dec5fc0.jpg?1755858037,Diamond,106,0,DNC
Skryah Ayrwyn,26038365,260,255,Sagittarius,Chaos,0,0,b5b12ff5d9ed92195cdaa86ba87bc873_44ca0844398b2d010d8cd4a31ddb023dfc0.jpg?1755858280,Diamond,85,0,DRG
Astral Highwind,29689702,261,256,Omega,Chaos,0,0,97af63b900951c4e5b86b87e21f0d233_39e25ac3d737c46452305eefe324372cfc0.jpg?1755857768,Diamond,84,0,PLD
Dritz Mayl,9010583,262,257,Phoenix,Light,0,0,2c47fe0f058ba3fdbed038d09f710017_5047bc596a4bab2dc7f7c120bb22dec5fc0.jpg?1755858935,Diamond,77,0,GNB
Bakali Grunert,37131100,263,258,Alpha,Light,0,0,0ed4a8f520a3fb6aacd01b67f886e654_6132295fcf5570fb8b0a944ef322a598fc0.jpg?1755857644,Diamond,72,0,SGE
Yone Ashina,30902252,264,260,Ragnarok,Chaos,0,0,0e82717d755f8e19345912612a8dfc47_40d57ba713628f3f1ef5ef204b6d76d2fc0.jpg?1755856154,Diamond,55,1,SAM
Yua Shishi,36527378,265,0,Omega,Chaos,0,0,ca997faa67da98383b054501c44ad35c_39e25ac3d737c46452305eefe324372cfc0.jpg?1755858928,Diamond,52,8,RDM
Doctor Zoidberg,9214410,266,262,Cerberus,Chaos,0,0,40bc630c90e57d0ca265dd7fc809d5c8_777c57311d510ca65dac3c1077dee435fc0.jpg?1755856375,Diamond,7,0,PCT
Simi Sunshine',5663390,267,263,Odin,Light,0,0,37b08b6bb6f30161ff909ee4625acd51_644311b63b607133c989d7c1188467dafc0.jpg?1755855788,Diamond,243,8,PCT
Perhaps Mayhaps,37474425,268,264,Twintania,Light,0,0,cebf8c69029dd630783bec1aab9868e1_c33f640c0cdd35f7def85b8aa31a0007fc0.jpg?1755859254,Diamond,152,0,FSH
Kyrie Eleison,39068875,269,265,Sagittarius,Chaos,0,0,39f08d131c5873517bb258c493357f05_44ca0844398b2d010d8cd4a31ddb023dfc0.jpg?1755857957,Diamond,108,0,BRD
Girl Btw,24341128,270,266,Odin,Light,0,0,513b9cac12d871179d7214947d6db881_644311b63b607133c989d7c1188467dafc0.jpg?1755858271,Diamond,94,0,SCH
Kaz Spacedust,57274316,271,267,Phantom,Chaos,0,0,219829fb165af0074b5e3246cb691037_f0a43d6e5eea19af337a176e9836acddfc0.jpg?1755857243,Diamond,92,1,WHM
Ceru Rubina,13330116,272,268,Lich,Light,0,0,21435b4965086f5c1a76684ed46fa276_7206469080400ed57a5373d0a9c55c59fc0.jpg?1755857114,Diamond,89,0,DRK
Based Miqote,46487952,273,269,Twintania,Light,0,0,5e2bb42e554586a20b050b7fd3f88e26_c33f640c0cdd35f7def85b8aa31a0007fc0.jpg?1755857299,Diamond,87,0,UNK
Rainzne Rensoho,47954536,274,270,Sagittarius,Chaos,0,0,22bba613a4a8bd790ff3cebd6baf6d87_44ca0844398b2d010d8cd4a31ddb023dfc0.jpg?1755859095,Diamond,86,2,DNC
Animesan Kaslana,32077606,275,271,Moogle,Chaos,0,0,6268def88e20eea0574685430503059b_d7a9d5f85a29d6278ec1c7adc2c8d242fc0.jpg?1755858512,Diamond,80,0,RPR
Augma Edelfelt,43002767,276,272,Shiva,Light,0,0,e60b69ffe4556d5f11f40b93511957e4_3fbff0e6b620e4d259dc427abc6574dafc0.jpg?1755856143,Diamond,66,11,NIN
Rana Banana,505901,277,0,Ragnarok,Chaos,0,0,a292a50c2e7da8e7d769c71c38b3ceea_40d57ba713628f3f1ef5ef204b6d76d2fc0.jpg?1755858266,Diamond,62,18,FSH
Indigo Plateau,36110530,278,274,Odin,Light,0,0,4c00ab282042e71b2d627aafb68f14f3_644311b63b607133c989d7c1188467dafc0.jpg?1755857663,Diamond,50,0,SGE
Joseph Wolfkin,43539371,279,275,Louisoix,Chaos,0,0,876d621c3956d460073370e3e1bf95ab_0a122616f3718d3f45cab10fd8fc1604fc0.jpg?1755857464,Diamond,47,0,PLD
Nayt Eclipse,34138271,280,276,Twintania,Light,0,0,9ec2a817871d5c51b11b44c68a993d31_c33f640c0cdd35f7def85b8aa31a0007fc0.jpg?1755855778,Diamond,39,2,DRG
Kal Tanavast,21949363,281,277,Omega,Chaos,0,0,dfeeca71f35832d183f78245f29992f1_39e25ac3d737c46452305eefe324372cfc0.jpg?1755858753,Diamond,29,0,SCH
Uki Yo,50895216,282,278,Louisoix,Chaos,0,0,01c8c27039448a796053947550cced8a_0a122616f3718d3f45cab10fd8fc1604fc0.jpg?1755856262,Diamond,8,0,RPR
Franziska Hatia,6541981,283,279,Moogle,Chaos,0,0,3346d7c134c0675bdb576962512a264b_d7a9d5f85a29d6278ec1c7adc2c8d242fc0.jpg?1755857658,Diamond,226,0,RDM
Sitri Soreus,41256416,284,280,Moogle,Chaos,0,0,72c39ca2462344ed634b5fda0bc98489_d7a9d5f85a29d6278ec1c7adc2c8d242fc0.jpg?1755856933,Diamond,93,0,SCH
Chrom Dokuro,33707967,285,281,Spriggan,Chaos,0,0,3fbdebe4771955f4f406ea79fda60e25_feaf0a2e88ff164813fbc9b85876fa48fc0.jpg?1755859090,Diamond,75,1,NIN
Alice Kittimo,34781171,286,0,Cerberus,Chaos,0,0,ec971a9e6eba1c32ecd2e88bec8f2c49_777c57311d510ca65dac3c1077dee435fc0.jpg?1755857639,Diamond,65,19,MIN
Qeryn Olo,14493505,287,0,Shiva,Light,0,0,4a29f01517d6bc0fba65ce7c162c6752_3fbff0e6b620e4d259dc427abc6574dafc0.jpg?1755856026,Diamond,64,12,BRD
Miloire Veritat,13747940,288,282,Sagittarius,Chaos,0,0,2f1ba19bb2392139d587541ebf92a119_44ca0844398b2d010d8cd4a31ddb023dfc0.jpg?1755858430,Diamond,63,0,AST
Lise-hoi Pipeloi,29719212,289,283,Cerberus,Chaos,0,0,57c5498cda4f5b24c975d5c6ad1dad53_777c57311d510ca65dac3c1077dee435fc0.jpg?1755856881,Diamond,58,0,GNB
Moth Kathain,41240837,290,284,Cerberus,Chaos,0,0,4239df280482f84ad3ec0222e3c050a8_777c57311d510ca65dac3c1077dee435fc0.jpg?1755858028,Diamond,51,0,DRK
Sarah Pelepas,36390152,291,285,Twintania,Light,0,0,4d98b4ef01ccfc9df166d83a5771a4ea_c33f640c0cdd35f7def85b8aa31a0007fc0.jpg?1755858315,Diamond,42,0,SAM
Falma Skye,11138827,292,286,Omega,Chaos,0,0,59b3101cb2c9f4fd1f83cdcc8261e327_39e25ac3d737c46452305eefe324372cfc0.jpg?1755858583,Diamond,38,0,WHM
Mer Lin,50434149,293,287,Spriggan,Chaos,0,0,52a13256ecf71bc72e25a6b211b196c8_feaf0a2e88ff164813fbc9b85876fa48fc0.jpg?1755858419,Diamond,10,0,DRK
Athena Olympe,44680885,294,293,Sagittarius,Chaos,0,0,7e7afe9e9cebc29cee3220c1e0530540_44ca0844398b2d010d8cd4a31ddb023dfc0.jpg?1755858269,Diamond,251,23,GNB
Kasuo Kurenai,19914163,295,0,Moogle,Chaos,0,0,341fc38f11952d5f6603289728a95a7e_d7a9d5f85a29d6278ec1c7adc2c8d242fc0.jpg?1755858064,Diamond,96,7,DRK
Little Bro,30487308,296,300,Ragnarok,Chaos,0,0,e88ecbc7e546ca4eb30c434b112830c9_40d57ba713628f3f1ef5ef204b6d76d2fc0.jpg?1755857692,Diamond,71,3,SMN
Glyceri Chosuti,30338174,297,288,Moogle,Chaos,0,0,6d93c9241424e92e6f0351d35d8b6eaa_d7a9d5f85a29d6278ec1c7adc2c8d242fc0.jpg?1755856978,Diamond,61,0,SGE
Happo Sama,37637493,298,289,Odin,Light,0,0,bb9dc4c16e6c26445246a211431b7150_644311b63b607133c989d7c1188467dafc0.jpg?1755858588,Diamond,54,0,UNK
Selin Naari,16360751,298,289,Cerberus,Chaos,0,0,fb2c3681e2cb33bdcd7894d5aad0b9ec_777c57311d510ca65dac3c1077dee435fc0.jpg?1755858991,Diamond,54,0,VPR
Donpe Molkot,25680281,300,291,Moogle,Chaos,0,0,ac762c200099aa5afcede92a58772fbd_d7a9d5f85a29d6278ec1c7adc2c8d242fc0.jpg?1755858514,Diamond,51,3,UNK
Crow Xo,44749262,1,9,Zodiark,Light,3099,303,54e5719ccbdb45c6de28f017b4365207_c274370774c6bc3483cc8740805f41bcfc0.jpg?1755858517,Ultima,82,4,MNK
Snap Ringer,18714030,2,1,Omega,Chaos,3075,0,77577ce781d587b133c9c53da0974817_39e25ac3d737c46452305eefe324372cfc0.jpg?1755855704,Ultima,194,0,RDM
Void Stellarvore,28691685,3,2,Raiden,Light,3070,0,79b02048d874bdc774a96223c423d519_a370664d98f658f4ed4e620f378f73cdfc0.jpg?1755857229,Ultima,233,0,MNK
Prisma Tic,38791879,4,7,Cerberus,Chaos,3063,95,5220c35172bb26154c862a6d485e37b8_777c57311d510ca65dac3c1077dee435fc0.jpg?1755857977,Ultima,304,11,SCH
Miyu Edelfelt,21335430,5,3,Phoenix,Light,3052,0,ba690d74246b4d07f543f0d9516feec2_5047bc596a4bab2dc7f7c120bb22dec5fc0.jpg?1755858026,Ultima,285,0,SCH
Mei Ko,35150838,6,4,Louisoix,Chaos,3013,0,9e9f647c9095409b4ca77e89ca61322b_0a122616f3718d3f45cab10fd8fc1604fc0.jpg?1755858678,Ultima,343,29,AST
Milk Jds,10570379,7,5,Zodiark,Light,3010,0,cf8503b76a559329b409ac7cfe329e0c_c274370774c6bc3483cc8740805f41bcfc0.jpg?1755855940,Ultima,267,0,SAM
Xen Thique,40172078,8,6,Odin,Light,3005,0,8930228f4df0c18feea28ebbb1c451f2_644311b63b607133c989d7c1188467dafc0.jpg?1755857385,Ultima,119,0,SGE
Saboree Catboy,36051653,9,8,Spriggan,Chaos,2945,0,b61ec1080d608b5a83f30baef219dc02_feaf0a2e88ff164813fbc9b85876fa48fc0.jpg?1755858661,Omega,358,17,RDM
Moki Moki,14235486,10,13,Odin,Light,2767,86,82d3ef8d03fa7a6ddf4429f15fd296a2_644311b63b607133c989d7c1188467dafc0.jpg?1755858059,Omega,322,14,DRG
Luca Natura,26126798,11,10,Omega,Chaos,2752,0,aee9a8f332f96a4c5a45923c0e82782a_39e25ac3d737c46452305eefe324372cfc0.jpg?1755858130,Omega,325,32,WAR
Cliffe Zanza,36074329,12,21,Spriggan,Chaos,2728,626,d8d2fa78adb447ec4b6d5d747f5d5f84_feaf0a2e88ff164813fbc9b85876fa48fc0.jpg?1755857604,Omega,344,29,MNK
Cat Wife,21099767,13,11,Zodiark,Light,2724,0,76d1664265ae631c957cfab6c72cfba9_c274370774c6bc3483cc8740805f41bcfc0.jpg?1755858385,Omega,113,0,RDM
Mamiyama Kamimama,37371304,14,12,Spriggan,Chaos,2713,0,3c6fd6569d3dce40308c9a2a1f3c3bfa_feaf0a2e88ff164813fbc9b85876fa48fc0.jpg?1755857066,Omega,142,5,PCT
Tsukuyo Ritlas,37800185,15,17,Odin,Light,2658,295,eca30840fe0bed8e80f620b5f57c49de_644311b63b607133c989d7c1188467dafc0.jpg?1755857565,Omega,254,12,RDM
Auelin Fae,18291844,16,15,Zodiark,Light,2642,100,2d6204db02c5efce86aca234fd6f1ce1_c274370774c6bc3483cc8740805f41bcfc0.jpg?1755857551,Omega,141,1,RDM
Loty Coldwind,36521588,17,14,Twintania,Light,2571,0,3632cf6d20598f5c4c7b748be7e19153_c33f640c0cdd35f7def85b8aa31a0007fc0.jpg?1755855809,Omega,267,3,PCT
Vanilla Blossom,41496807,18,16,Moogle,Chaos,2508,0,b0e7d1b464d155d8791692fe2e47299d_d7a9d5f85a29d6278ec1c7adc2c8d242fc0.jpg?1755857058,Omega,179,0,MCH
Tarutella Goldfish,4235488,19,45,Phoenix,Light,2443,913,f269741c27ca22c02db955557e7283fa_5047bc596a4bab2dc7f7c120bb22dec5fc0.jpg?1755857164,Omega,169,22,SGE
Vai Zol,38270926,20,22,Odin,Light,2440,386,2e78b44195db83336b1acbe75927a864_644311b63b607133c989d7c1188467dafc0.jpg?1755858574,Omega,208,13,RDM
Raiden Senpai,27238016,21,18,Zodiark,Light,2260,0,96a909af8d24d60f6d8173f8cc16facb_c274370774c6bc3483cc8740805f41bcfc0.jpg?1755857348,Omega,258,8,NIN
Fiven Fiven,24996868,22,19,Lich,Light,2244,0,f574b4a1ff1aade4f34a98795138319b_7206469080400ed57a5373d0a9c55c59fc0.jpg?1755858073,Omega,159,0,DRG
Maarato Cookie,20349526,23,20,Twintania,Light,2187,0,dbab16598b86bb31b2eb96070f723572_c33f640c0cdd35f7def85b8aa31a0007fc0.jpg?1755859022,Omega,121,13,MCH
Sice Seven,15008161,24,25,Moogle,Chaos,2059,87,23657ac0d29f4bc5667ef1e00cf528f8_d7a9d5f85a29d6278ec1c7adc2c8d242fc0.jpg?1755857015,Omega,132,14,BRD
Slayn Lockmeier,43624360,25,23,Ragnarok,Chaos,2054,0,6e8ed130575c22a15b32af255b35348b_40d57ba713628f3f1ef5ef204b6d76d2fc0.jpg?1755858608,Omega,85,10,VPR
Akari Tsuki,31005286,26,33,Louisoix,Chaos,2040,269,28e1cfaecfbf911dc3621f5de74642aa_0a122616f3718d3f45cab10fd8fc1604fc0.jpg?1755856034,Omega,117,23,MNK
Sotek Scherwil,486374,27,28,Twintania,Light,1979,99,c881840c18d6c9fc415801f5f8240174_c33f640c0cdd35f7def85b8aa31a0007fc0.jpg?1755858742,Omega,206,1,SGE
Sheidyn Windsor,30282791,28,24,Omega,Chaos,1973,0,e3eaa192d0e2b6192580f940474cd0b5_39e25ac3d737c46452305eefe324372cfc0.jpg?1755857542,Omega,331,13,SAM
Shino Yaru,38308969,29,26,Phoenix,Light,1901,0,0662727bb913ed7fe3009f3542ea1e64_5047bc596a4bab2dc7f7c120bb22dec5fc0.jpg?1755859192,Omega,94,1,UNK
Yamizura Kumozuma,19652230,30,27,Twintania,Light,1892,10,24bbc9cebf09eb83efcbc272c3085fd1_c33f640c0cdd35f7def85b8aa31a0007fc0.jpg?1755858584,Omega,86,26,FSH
Lex'ander Wayfarer,18009481,31,29,Odin,Light,1821,0,0adfa03fe11940a91e3b6a2ed08ddb88_644311b63b607133c989d7c1188467dafc0.jpg?1755859047,Omega,191,0,DRK
Imy Pure,24943089,32,30,Cerberus,Chaos,1803,0,2e46879ac1baf7fc77ec2de872a0461c_777c57311d510ca65dac3c1077dee435fc0.jpg?1755857499,Omega,162,16,SCH
Meryll Enetari,24681550,33,55,Cerberus,Chaos,1795,608,f4fe16c70d7023e2101e19421c5abf1e_777c57311d510ca65dac3c1077dee435fc0.jpg?1755857838,Omega,341,15,DNC
Veera Vermillion,36611700,34,31,Odin,Light,1790,0,21c224545e3d3af775a3d377c8e444bf_644311b63b607133c989d7c1188467dafc0.jpg?1755859203,Omega,182,12,MNK
Sweet Light,41777815,35,40,Spriggan,Chaos,1785,196,2e6808627bd2b8f0f5f0377d20cbbbc5_feaf0a2e88ff164813fbc9b85876fa48fc0.jpg?1755859207,Omega,90,2,PLD
Misora Kaiatsa,25126040,36,32,Moogle,Chaos,1779,0,80fa199452585ab77d14128509576300_d7a9d5f85a29d6278ec1c7adc2c8d242fc0.jpg?1755856661,Omega,95,0,RDM
Sakurane Zero'yuurai,13075529,37,34,Ragnarok,Chaos,1769,0,b65369d4b043831749f5fa45d2428e30_40d57ba713628f3f1ef5ef204b6d76d2fc0.jpg?1755856240,Omega,545,36,SMN
Claire Hart,4540427,38,35,Ragnarok,Chaos,1765,0,063274896aa445e2aa87e44be3be1981_40d57ba713628f3f1ef5ef204b6d76d2fc0.jpg?1755855764,Omega,83,0,VPR
Ange Melrose,50267939,39,36,Omega,Chaos,1707,0,f2fb3057962bf3d28bcce976076f5368_39e25ac3d737c46452305eefe324372cfc0.jpg?1755858247,Omega,226,19,SMN
Strom Valentine,19009916,40,37,Cerberus,Chaos,1673,0,a8dc2ae24adfae999c388093e3e213e8_777c57311d510ca65dac3c1077dee435fc0.jpg?1755856737,Omega,67,2,RDM
Blue Cat,47356852,41,38,Twintania,Light,1604,0,fc9492796dbee9f84ae010350ec7759c_c33f640c0cdd35f7def85b8aa31a0007fc0.jpg?1755857878,Omega,126,23,GNB
Shia Sun,1754600,42,39,Odin,Light,1600,0,7550981ba488e5ebe919aa3cb39efbfa_644311b63b607133c989d7c1188467dafc0.jpg?1755856652,Omega,146,0,WHM
Lure Ll,55749452,43,41,Louisoix,Chaos,1588,0,76301081dc788f1a52938eef4141d892_0a122616f3718d3f45cab10fd8fc1604fc0.jpg?1755858600,Omega,189,13,VPR
Jun Moxiao,40533777,44,42,Odin,Light,1587,0,9f41b7adf0a59849ae35b17cdace2b32_644311b63b607133c989d7c1188467dafc0.jpg?1755857938,Omega,207,4,AST
Marain Kousaka,12028721,45,43,Omega,Chaos,1577,0,8eb57b43eb58ce6e50b90ee79ccb7cd7_39e25ac3d737c46452305eefe324372cfc0.jpg?1755857307,Omega,198,7,WHM
Lybel Alyborias,25836089,46,44,Louisoix,Chaos,1551,0,a86b680e6c4e5e23befaaaf535a158de_0a122616f3718d3f45cab10fd8fc1604fc0.jpg?1755856129,Omega,218,0,VPR
Taiya Li,41293767,47,52,Phoenix,Light,1504,117,7dc31b9a880ba3f36a3ef1208e0c5909_5047bc596a4bab2dc7f7c120bb22dec5fc0.jpg?1755857482,Omega,174,16,BTN
Holos Ymir,35299241,48,50,Cerberus,Chaos,1502,100,f8029ed36fad032333305dfa455cddec_777c57311d510ca65dac3c1077dee435fc0.jpg?1755857634,Omega,133,17,SMN
Ebin Almsivi,35310847,49,46,Shiva,Light,1410,0,0c72e527d2d86c2ee8f4698832e880b5_3fbff0e6b620e4d259dc427abc6574dafc0.jpg?1755857364,Crystal,84,0,SCH
Umbra Mortem,33706766,50,47,Lich,Light,1409,0,8a6a59f954754f4ef8db414f8e455713_7206469080400ed57a5373d0a9c55c59fc0.jpg?1755856486,Crystal,188,16,NIN
Sophia Ariadne,11431073,51,48,Odin,Light,1407,0,f4329ddf82a418a6e12f1ba978bc1523_644311b63b607133c989d7c1188467dafc0.jpg?1755858091,Crystal,125,17,BLM
Ame Sarara,17231289,52,49,Phoenix,Light,1402,0,9225bedb3945fd2a59d84ce2ebab6517_5047bc596a4bab2dc7f7c120bb22dec5fc0.jpg?1755856048,Crystal,167,0,VPR
Toki Isur,16811472,53,51,Lich,Light,1396,0,0f38ca26bcfe5c4c064998df2afabe35_7206469080400ed57a5373d0a9c55c59fc0.jpg?1755857079,Crystal,176,0,WAR
Lsi Lsi,47353875,54,53,Lich,Light,1354,0,792b3235fe2fbd35d956e856c210194f_7206469080400ed57a5373d0a9c55c59fc0.jpg?1755859106,Crystal,182,6,PCT
Red Aura,58355527,55,54,Spriggan,Chaos,1300,0,24685b07d940d962953f7111d4144e46_feaf0a2e88ff164813fbc9b85876fa48fc0.jpg?1755856655,Crystal,66,0,MNK
Mahou Mahou,5924021,56,66,Odin,Light,1283,390,4c6afcfde744ebab926aa3423b6c4064_644311b63b607133c989d7c1188467dafc0.jpg?1755857028,Crystal,131,15,UNK
Death Fury,9386074,57,56,Ragnarok,Chaos,1164,0,f334633b7adb1af69b68d26c3dc12e81_40d57ba713628f3f1ef5ef204b6d76d2fc0.jpg?1755857876,Crystal,132,7,PLD
Isca Mog,32212471,58,71,Zodiark,Light,1118,298,e47f3ccc4bd8599193929766ab0abd2c_c274370774c6bc3483cc8740805f41bcfc0.jpg?1755858927,Crystal,163,10,RDM
Ovan Armor,21476660,59,57,Ragnarok,Chaos,1101,0,dadd1004951e6b33de2be205a18bb3cc_40d57ba713628f3f1ef5ef204b6d76d2fc0.jpg?1755859075,Crystal,103,15,VPR
Feri De,32873333,60,73,Twintania,Light,1098,297,04fae792c920333e5bdc3287c0df72e4_c33f640c0cdd35f7def85b8aa31a0007fc0.jpg?1755857145,Crystal,199,19,THM
Izuma Knox,48747330,61,81,Spriggan,Chaos,1088,483,e4ecfd700fe3f6df45f6409e46a09d8b_feaf0a2e88ff164813fbc9b85876fa48fc0.jpg?1755857732,Crystal,176,21,SCH
Ase Escadora,42603487,62,58,Alpha,Light,1004,0,78626e6cf6f07875d5ac9527a5bd0c4d_6132295fcf5570fb8b0a944ef322a598fc0.jpg?1755858333,Crystal,176,0,WAR
Melinoe Mei,52244848,63,59,Odin,Light,928,0,f2f35dd3d3f7ed2ab1eaf11e0291525a_644311b63b607133c989d7c1188467dafc0.jpg?1755857235,Crystal,131,8,UNK
Ny Aa,49048302,64,60,Zodiark,Light,907,0,a75fda4dbe97ffbaf98a55c7ea86fa64_c274370774c6bc3483cc8740805f41bcfc0.jpg?1755857605,Crystal,72,0,RDM
Anaak Zahard,30213526,65,61,Omega,Chaos,901,0,6da51fdd014970138d55ee542f2d7250_39e25ac3d737c46452305eefe324372cfc0.jpg?1755857869,Crystal,253,3,DRG
Sakuya Ko-no-hana,18012296,66,62,Ragnarok,Chaos,901,0,9e4589969b1a1fe5c6e76d0e5cf7f084_40d57ba713628f3f1ef5ef204b6d76d2fc0.jpg?1755857777,Crystal,104,0,AST
Kyouko Owo,25629243,67,63,Louisoix,Chaos,900,0,4fbeb17208a00397ad05eebfc2d20d2f_0a122616f3718d3f45cab10fd8fc1604fc0.jpg?1755857630,Crystal,79,0,AST
Ares Aster,23775255,68,64,Ragnarok,Chaos,897,0,af83635d9ae348ce2f1f18bd7f59657c_40d57ba713628f3f1ef5ef204b6d76d2fc0.jpg?1755856098,Crystal,260,17,UNK
White Flow,27405246,69,65,Shiva,Light,897,0,fb627f70a20185a985e94a697da7baa5_3fbff0e6b620e4d259dc427abc6574dafc0.jpg?1755857380,Crystal,44,0,WHM
Resilla Frostflow,14658770,70,67,Cerberus,Chaos,893,0,00a4e6250beb98b5644c87cffe8b7f4f_777c57311d510ca65dac3c1077dee435fc0.jpg?1755858449,Crystal,87,0,BRD
Wept Sama,51306317,71,68,Louisoix,Chaos,888,0,26258172f2f7d8adbd729f60cdc1b12d_0a122616f3718d3f45cab10fd8fc1604fc0.jpg?1755859012,Crystal,74,0,BLM
Sim Chiko,9640572,72,69,Ragnarok,Chaos,887,0,df001251be985850147df76d29cd2c6e_40d57ba713628f3f1ef5ef204b6d76d2fc0.jpg?1755857570,Crystal,360,31,BLM
Wife Cat,53116356,73,70,Zodiark,Light,886,0,a1b8c7dc5afdfd7cf3b24ae49dabffe9_c274370774c6bc3483cc8740805f41bcfc0.jpg?1755858585,Crystal,142,25,WAR
Shimori Bunihara,41866714,74,114,Phantom,Chaos,860,469,4f9bcdd015b43753cd5343c2e0825e93_f0a43d6e5eea19af337a176e9836acddfc0.jpg?1755858742,Crystal,81,17,BLM
Altrios Alrun,37280856,75,72,Odin,Light,807,0,eed006603ff3859a7471671dcb9c221c_644311b63b607133c989d7c1188467dafc0.jpg?1755858938,Crystal,41,0,MCH
Katana Azurite,5024675,76,133,Phantom,Chaos,793,590,74c6d884e2d6954e724a6e8c6a4800b5_f0a43d6e5eea19af337a176e9836acddfc0.jpg?1755856528,Crystal,129,8,PLD
Paranpu Leporine,26896464,77,74,Omega,Chaos,711,0,4c9072504d928fcec9a33b948ed484c3_39e25ac3d737c46452305eefe324372cfc0.jpg?1755858276,Crystal,276,8,AST
Sin Mirrorslave,43994621,78,75,Raiden,Light,700,0,3f8e3345c252d3f9b50e27c481f91100_a370664d98f658f4ed4e620f378f73cdfc0.jpg?1755858521,Crystal,37,0,UNK
Voudi Steppi,4262422,79,76,Shiva,Light,699,0,a5ba738317cb8ce27c5b53bf0ac071c1_3fbff0e6b620e4d259dc427abc6574dafc0.jpg?1755859228,Crystal,162,0,GNB
J'yrae Zakah,39521831,80,77,Phantom,Chaos,699,0,15062e4ea5fd0645262797a68f9d53a8_f0a43d6e5eea19af337a176e9836acddfc0.jpg?1755858578,Crystal,116,0,GNB
Luxeria Rose,8153619,81,78,Shiva,Light,693,0,7de2eb901a56646d173e7627b39a020a_3fbff0e6b620e4d259dc427abc6574dafc0.jpg?1755857740,Crystal,77,0,BTN
Goemon Da-scarred,51082512,82,79,Sagittarius,Chaos,692,0,0babb17eaeeb3c5d8fab3b044bcc075b_44ca0844398b2d010d8cd4a31ddb023dfc0.jpg?1755856601,Crystal,69,0,SMN
Elafi Nebris,2813554,83,80,Cerberus,Chaos,688,0,279c67bdef0aed0af0689ceacb3ea0aa_777c57311d510ca65dac3c1077dee435fc0.jpg?1755857638,Crystal,248,14,AST
Preyos Rose,31690106,84,82,Ragnarok,Chaos,602,0,2ca1842cc89ceb1dc6ee21cbd155ae60_40d57ba713628f3f1ef5ef204b6d76d2fc0.jpg?1755857168,Crystal,78,0,WAR
Oh Ok,57655788,85,83,Raiden,Light,596,0,8b238baa4f705b6b7a26bd43bc1f9947_a370664d98f658f4ed4e620f378f73cdfc0.jpg?1755857416,Crystal,113,0,GNB
Mii Sha,23843770,86,84,Phoenix,Light,595,0,64857f7d5089a3c4ec82c8ffc69a8d9b_5047bc596a4bab2dc7f7c120bb22dec5fc0.jpg?1755857763,Crystal,49,3,GNB
Inamaru Ani,7397988,87,85,Lich,Light,591,0,62720eb5794088b0de9631074597e0b1_7206469080400ed57a5373d0a9c55c59fc0.jpg?1755856087,Crystal,83,0,UNK
Lila Stimmung,39468123,88,86,Phoenix,Light,502,0,4ba4285925b03d9334ad69756f0d7066_5047bc596a4bab2dc7f7c120bb22dec5fc0.jpg?1755857587,Crystal,77,0,SCH
Nameless Spartan,57522147,89,87,Spriggan,Chaos,501,0,7fa7e5b3a140e02da7e26d3ec5a4e916_feaf0a2e88ff164813fbc9b85876fa48fc0.jpg?1755857595,Crystal,30,0,MNK
Cap'n Banana,25460177,90,88,Omega,Chaos,500,0,250ded102aad6614228e38b01304d2a5_39e25ac3d737c46452305eefe324372cfc0.jpg?1755857042,Crystal,315,11,WHM
Wwwwwwwwww Wwwwwwwwww,22934838,91,113,Odin,Light,500,104,44b50a04ce7aed4e2c4699753f5b83bc_644311b63b607133c989d7c1188467dafc0.jpg?1755857491,Crystal,76,19,GNB
Hyzenthlay Efrafa,1817919,92,89,Ragnarok,Chaos,500,0,f61f49f2ed95a3709fa034686da0eb63_40d57ba713628f3f1ef5ef204b6d76d2fc0.jpg?1755856960,Crystal,26,0,RPR
Hikari Iroaseta,40065818,93,90,Lich,Light,499,0,69d4a6d73b4cec60f92f1c27efd88471_7206469080400ed57a5373d0a9c55c59fc0.jpg?1755856851,Crystal,189,2,RDM
Tay Talenath,45740169,94,91,Raiden,Light,499,0,b2fa0c7222f7e3ebe117f24a200e11d8_a370664d98f658f4ed4e620f378f73cdfc0.jpg?1755856750,Crystal,173,10,PCT
Tie Jai,37372216,95,92,Spriggan,Chaos,499,0,86788f29e7343af9b7142d3f6d6695f0_feaf0a2e88ff164813fbc9b85876fa48fc0.jpg?1755858263,Crystal,125,6,GNB
Robin Baltemys,5860543,96,119,Odin,Light,498,199,c0b65624201e30005bd9dac89e14696a_644311b63b607133c989d7c1188467dafc0.jpg?1755856984,Crystal,127,8,RDM
Dzika Orka,23708998,97,93,Omega,Chaos,498,0,6022b6fb399bb1fa2fcd2a2b0717b117_39e25ac3d737c46452305eefe324372cfc0.jpg?1755857285,Crystal,106,0,CRP
Gaspard Deguingoix,11032081,98,94,Moogle,Chaos,498,0,b9283e6a6be9cd219ee0afea98546775_d7a9d5f85a29d6278ec1c7adc2c8d242fc0.jpg?1755857580,Crystal,58,0,SGE
White Noise',47747214,99,95,Raiden,Light,498,0,3bf617bec1a403388f9c3c43700db590_a370664d98f658f4ed4e620f378f73cdfc0.jpg?1755858260,Crystal,49,0,NIN
Lunner North,30490724,100,96,Odin,Light,497,0,8466870fbd8ed243e74c7f15afca611b_644311b63b607133c989d7c1188467dafc0.jpg?1755857667,Crystal,198,27,ARM
Big Catfish,47870008,101,102,Cerberus,Chaos,496,3,e1145112395cac897fb817226feefc06_777c57311d510ca65dac3c1077dee435fc0.jpg?1755858857,Crystal,61,9,SGE
Neclord Drakan,34358772,102,97,Phoenix,Light,495,0,7e002012c8fc4f9e493cd5879573e088_5047bc596a4bab2dc7f7c120bb22dec5fc0.jpg?1755857079,Crystal,137,10,SCH
Savi Zizo,36020595,103,98,Phoenix,Light,494,0,654a4334b8f77ad31212ae883d8c8df4_5047bc596a4bab2dc7f7c120bb22dec5fc0.jpg?1755857735,Crystal,121,0,MCH
Memento Mo'ri,1641495,104,201,Ragnarok,Chaos,494,494,86323bce84189061b1d71ff1dc25266a_40d57ba713628f3f1ef5ef204b6d76d2fc0.jpg?1755857093,Crystal,95,22,SMN
Dalik Mathis,9537863,105,99,Ragnarok,Chaos,494,0,fd4dde44208527cc20e58ba589d51f01_40d57ba713628f3f1ef5ef204b6d76d2fc0.jpg?1755857798,Crystal,28,0,BTN
Joseph Fleurer,53645847,106,100,Moogle,Chaos,493,0,d50aa75b35158b70fefc04b8fe2007fe_d7a9d5f85a29d6278ec1c7adc2c8d242fc0.jpg?1755857241,Crystal,292,0,RDM
Xylia Lyn,2825468,107,101,Moogle,Chaos,493,0,997eb452311a22f85956694216c8c0f8_d7a9d5f85a29d6278ec1c7adc2c8d242fc0.jpg?1755856833,Crystal,137,0,WHM
Remy Galleu,52837552,108,103,Alpha,Light,487,0,1c98cde60dda0890554eff5601f7b441_6132295fcf5570fb8b0a944ef322a598fc0.jpg?1755857085,Crystal,14,0,GNB
Fel Kartof,42782705,109,104,Spriggan,Chaos,408,0,f7dbcfc8e88bfbefdb4e49353240ff03_feaf0a2e88ff164813fbc9b85876fa48fc0.jpg?1755856754,Crystal,193,0,MCH
Carme Koe,16444140,110,105,Zodiark,Light,404,0,896c0fd2c0c7bebd238cc3fc693fccbc_c274370774c6bc3483cc8740805f41bcfc0.jpg?1755858735,Crystal,203,24,MCH
Madelynn Veil,49771412,111,106,Omega,Chaos,404,0,92f91d9225bb816c6562fb117814681e_39e25ac3d737c46452305eefe324372cfc0.jpg?1755858846,Crystal,130,0,BLM
Remes Yveltar,21757305,112,107,Shiva,Light,402,0,20b9e744e2190850310da72ffaf5c5d4_3fbff0e6b620e4d259dc427abc6574dafc0.jpg?1755857525,Crystal,86,0,VPR
Yu Yevon,1681110,113,108,Odin,Light,401,0,d5ceace67dec3848e2cffccb1eab8dfb_644311b63b607133c989d7c1188467dafc0.jpg?1755857555,Crystal,125,2,PLD
Zot To,18725302,114,109,Cerberus,Chaos,401,0,852c16bac4fe7f528a8653c65704e818_777c57311d510ca65dac3c1077dee435fc0.jpg?1755858833,Crystal,66,0,RDM
Sonny Fier,11675019,115,110,Cerberus,Chaos,399,0,da65277afb3d27d0dac4884c31cb06af_777c57311d510ca65dac3c1077dee435fc0.jpg?1755855871,Crystal,95,0,VPR
Zhinna Maya,8219011,116,111,Odin,Light,398,0,b96bc839d3db0d26e61bf4b24282c925_644311b63b607133c989d7c1188467dafc0.jpg?1755855889,Crystal,131,8,WAR
Two Koma,51508003,117,112,Zodiark,Light,398,0,15a666f8d7bb67401300fae763ce4d32_c274370774c6bc3483cc8740805f41bcfc0.jpg?1755858676,Crystal,36,0,WAR
Kotagi Togeshi,45536785,118,115,Ragnarok,Chaos,310,0,77a7a1fd8f0ed3e1385e702c543d1106_40d57ba713628f3f1ef5ef204b6d76d2fc0.jpg?1755856521,Crystal,116,6,SMN
Tyr Neriak,19006698,119,183,Omega,Chaos,305,205,efc48a1823652a4394af9af66ed7359d_39e25ac3d737c46452305eefe324372cfc0.jpg?1755855805,Crystal,49,9,UNK
Nagisa Bright,9732794,120,116,Cerberus,Chaos,300,0,81c1eebd6ce8dd6e6897241868e2db1b_777c57311d510ca65dac3c1077dee435fc0.jpg?1755858921,Crystal,92,0,GNB
Gella Zenhat,16553524,121,117,Cerberus,Chaos,299,0,34542c2a2fe5b9a690d00a5565e15c1b_777c57311d510ca65dac3c1077dee435fc0.jpg?1755858792,Crystal,203,7,SMN
Aymeric Lionnellais,31865466,122,118,Raiden,Light,299,0,bb6879afcc6be8f3efa25de273b93f77_a370664d98f658f4ed4e620f378f73cdfc0.jpg?1755856287,Crystal,130,0,UNK
Postsovietskiy Custom,56111705,123,120,Louisoix,Chaos,299,0,5ba9c3cb162c203344dedac7774fba0f_0a122616f3718d3f45cab10fd8fc1604fc0.jpg?1755857251,Crystal,111,0,NIN
Tako Yaki,27361125,124,121,Ragnarok,Chaos,299,0,120e9d58db5e4ddf553f00f6f3560dec_40d57ba713628f3f1ef5ef204b6d76d2fc0.jpg?1755857387,Crystal,68,0,SMN
Brian Ricardo,19883847,125,122,Ragnarok,Chaos,299,0,37b0c97cd1ddc0f966d9e223e20f4f7b_40d57ba713628f3f1ef5ef204b6d76d2fc0.jpg?1755857642,Crystal,40,0,WHM
Natsu Yuki,41186796,126,123,Phoenix,Light,298,0,99f183a6821ac81e8cdda7ec8f07874a_5047bc596a4bab2dc7f7c120bb22dec5fc0.jpg?1755858183,Crystal,133,0,MIN
Makoto Kurusu,52868514,127,124,Alpha,Light,298,0,8fbea6f85d026acc9443dee5147a6a0c_6132295fcf5570fb8b0a944ef322a598fc0.jpg?1755858834,Crystal,82,0,SMN
Mitsuki Mirai,18435457,128,125,Louisoix,Chaos,298,0,365f1772f387bd280bdbfc16afbd5e4e_0a122616f3718d3f45cab10fd8fc1604fc0.jpg?1755858197,Crystal,58,0,WHM
Honey Bagel,39793250,129,150,Sagittarius,Chaos,297,99,4119dcf22656228778f1a70d9c734a44_44ca0844398b2d010d8cd4a31ddb023dfc0.jpg?1755857460,Crystal,104,12,UNK
Noctis Lucis-caellum,44086893,130,213,Shiva,Light,296,296,d7d3e4a43d7d52f423959e37bf92770f_3fbff0e6b620e4d259dc427abc6574dafc0.jpg?1755855936,Crystal,223,23,RPR
Enrei Esthule,16223299,131,126,Lich,Light,296,0,075328fa236ca776da32524ca8bd395c_7206469080400ed57a5373d0a9c55c59fc0.jpg?1755856208,Crystal,45,0,AST
Platinum Rank'one,46972228,132,127,Phantom,Chaos,295,0,070120f89920151a466e012ca309c99f_f0a43d6e5eea19af337a176e9836acddfc0.jpg?1755856174,Crystal,36,0,PCT
Lynn Iguru,18385143,133,128,Louisoix,Chaos,294,0,ef54656282be422229ef7490c0068ac7_0a122616f3718d3f45cab10fd8fc1604fc0.jpg?1755855673,Crystal,125,0,UNK
Yuumi Fish,25707217,134,154,Cerberus,Chaos,293,97,1a7ebbda26c28eb61f262b9fb37e8c6e_777c57311d510ca65dac3c1077dee435fc0.jpg?1755858135,Crystal,31,1,DNC
Sebruz Lunefeu,43940627,135,129,Phoenix,Light,209,0,c88d7d2e68c0d2714528ff7536825940_5047bc596a4bab2dc7f7c120bb22dec5fc0.jpg?1755857609,Crystal,47,0,RDM
Para Tia,24719023,136,130,Ragnarok,Chaos,205,0,272d6d1812042cbb230663b7adc527fd_40d57ba713628f3f1ef5ef204b6d76d2fc0.jpg?1755857748,Crystal,290,14,MCH
Delzor Waka,40194085,137,131,Odin,Light,204,0,bde30c4caff355f65cf9761727b12725_644311b63b607133c989d7c1188467dafc0.jpg?1755857562,Crystal,208,12,MCH
Uraraka Lunae,19968499,138,132,Louisoix,Chaos,204,0,87178981b631653f4905b195c6c49583_0a122616f3718d3f45cab10fd8fc1604fc0.jpg?1755858567,Crystal,180,16,SAM
Ray Croft,29659793,139,134,Shiva,Light,202,0,56ebf33c0c49fd7529d32303d4b7c8d9_3fbff0e6b620e4d259dc427abc6574dafc0.jpg?1755859206,Crystal,212,0,RDM
Haroomi Mae,47248743,140,135,Raiden,Light,202,0,770a624522dc3f95ef75247a554dceb7_a370664d98f658f4ed4e620f378f73cdfc0.jpg?1755857640,Crystal,58,2,AST
Meiko Seravox,57930597,141,136,Phantom,Chaos,201,0,fd23fb94115db9812af122e29610239c_f0a43d6e5eea19af337a176e9836acddfc0.jpg?1755856833,Crystal,210,10,MCH
Yun' Yun,11341467,142,137,Cerberus,Chaos,201,0,df098ceed6d9cf14cf61cc4110cd6cb5_777c57311d510ca65dac3c1077dee435fc0.jpg?1755858223,Crystal,73,0,WHM
Thor Strom,35911315,143,195,Cerberus,Chaos,201,201,3826da79ed71141aec290f69127b5c79_777c57311d510ca65dac3c1077dee435fc0.jpg?1755856366,Crystal,32,12,DRG
Very Sad,35588054,144,138,Alpha,Light,200,0,cbc407d2a1fd12a523e748daf7f8c84b_6132295fcf5570fb8b0a944ef322a598fc0.jpg?1755856870,Crystal,132,0,NIN
Vasya Pupkin,31945676,145,139,Cerberus,Chaos,200,0,8cb71c96a9fe7067f35566bacfe5d111_777c57311d510ca65dac3c1077dee435fc0.jpg?1755858666,Crystal,106,0,WAR
L- Lawliet,7221957,146,140,Cerberus,Chaos,200,0,6e5100e5b917acc4a0001eb86c96866e_777c57311d510ca65dac3c1077dee435fc0.jpg?1755858064,Crystal,80,0,WHM
Ceoh Shife,32511071,147,141,Ragnarok,Chaos,200,0,10ccb88d08b50a86f2f3c8037aedbac2_40d57ba713628f3f1ef5ef204b6d76d2fc0.jpg?1755857367,Crystal,69,0,MNK
Maana Xhula,15762123,148,142,Phoenix,Light,199,0,38beafe0db5d9a3faf5c9326bcf81f1f_5047bc596a4bab2dc7f7c120bb22dec5fc0.jpg?1755859113,Crystal,184,14,MCH
Asphal Flaye,51597003,149,207,Lich,Light,199,199,0925f20570c006b2455be17ee78802ef_7206469080400ed57a5373d0a9c55c59fc0.jpg?1755857485,Crystal,142,10,DRG
Seraban Mistodisushi,25116690,150,143,Omega,Chaos,199,0,9ab6f5d4307a747e8378402c6070b2a7_39e25ac3d737c46452305eefe324372cfc0.jpg?1755858664,Crystal,135,0,MCH
Ronka Wolfborn,24572571,151,144,Twintania,Light,199,0,d2caedc1b53b0cf42702df654d363a5d_c33f640c0cdd35f7def85b8aa31a0007fc0.jpg?1755859003,Crystal,112,0,WHM
Renna Vorak,25421061,152,168,Raiden,Light,199,99,c2dc94bad32c136ebcdcb42ec56ba1c3_a370664d98f658f4ed4e620f378f73cdfc0.jpg?1755858325,Crystal,98,1,PLD
Beri Felinya,26066355,153,145,Lich,Light,199,0,86bf2a099b51904992ee7b99d1a77e98_7206469080400ed57a5373d0a9c55c59fc0.jpg?1755857286,Crystal,83,0,NIN
Hegel Gil,25438753,154,146,Omega,Chaos,199,0,5ed500fc1dd1d9cbbc95000a80326ff7_39e25ac3d737c46452305eefe324372cfc0.jpg?1755858121,Crystal,79,0,WAR
Kira Lantarra,36911065,155,147,Zodiark,Light,198,0,f747398501f7c60bb6131fe935937ede_c274370774c6bc3483cc8740805f41bcfc0.jpg?1755858987,Crystal,182,25,MCH
Liyfee Hana,34503487,156,148,Cerberus,Chaos,198,0,b336da36a86d3e3ff63c9698075f7bff_777c57311d510ca65dac3c1077dee435fc0.jpg?1755855863,Crystal,143,0,SMN
Shaying Rengarf,1688652,157,149,Ragnarok,Chaos,198,0,9f6e8954dec429710a07fcf4059d3ae8_40d57ba713628f3f1ef5ef204b6d76d2fc0.jpg?1755858985,Crystal,98,0,BLM
Tsuguri Tempest,8093380,158,151,Cerberus,Chaos,198,0,673dd69d52b7f7c210bb231091fd1922_777c57311d510ca65dac3c1077dee435fc0.jpg?1755857865,Crystal,52,0,PLD
Ka La,18103622,159,152,Ragnarok,Chaos,198,0,79cb69a4d9a7535c8ee4e2bbfc9b2a1d_40d57ba713628f3f1ef5ef204b6d76d2fc0.jpg?1755856676,Crystal,44,0,SAM
Creamy Succubus,36293366,160,153,Spriggan,Chaos,197,0,15e9207c6ceb24b3818eabab978be8f3_feaf0a2e88ff164813fbc9b85876fa48fc0.jpg?1755856513,Crystal,19,0,SGE
Teale Teslonia,24123514,161,155,Raiden,Light,195,0,85c590ab0b87f38c4c63379bd665bddd_a370664d98f658f4ed4e620f378f73cdfc0.jpg?1755855806,Crystal,184,8,BLM
Veil Walker,54006107,162,200,Alpha,Light,194,194,b5abc5738b59f6074b0f6ea804fdfa05_6132295fcf5570fb8b0a944ef322a598fc0.jpg?1755859246,Crystal,177,15,WHM
Ante Tribal,3275874,163,156,Twintania,Light,101,0,fe6488d1a77f249ef2a269def3a65e73_c33f640c0cdd35f7def85b8aa31a0007fc0.jpg?1755857013,Crystal,187,0,PCT
Kimbi Aoe,24693270,164,157,Shiva,Light,101,0,67e0ddfb70faf5725a971d086cfdce61_3fbff0e6b620e4d259dc427abc6574dafc0.jpg?1755857217,Crystal,59,0,DNC
Leedo Dale,25033597,165,158,Zodiark,Light,100,0,9e122691e98bda2ea6abe86ed7b81a63_c274370774c6bc3483cc8740805f41bcfc0.jpg?1755856754,Crystal,362,0,BRD
Nora Carmilla,49318140,166,159,Louisoix,Chaos,100,0,29f2060673efd96486eda9c87d320a35_0a122616f3718d3f45cab10fd8fc1604fc0.jpg?1755856453,Crystal,321,0,MNK
Immersive Glitch,11611588,167,160,Spriggan,Chaos,100,0,0b3c92adf3d859c9266b329e36050ea6_feaf0a2e88ff164813fbc9b85876fa48fc0.jpg?1755858762,Crystal,195,3,RDM
Tomasz Gimaggi,40596537,168,161,Moogle,Chaos,100,0,3dc06f6399e8b3f7118370ce02b0dd5e_d7a9d5f85a29d6278ec1c7adc2c8d242fc0.jpg?1755859129,Crystal,179,0,FSH
Lina Sunstar,52075433,169,162,Phoenix,Light,100,0,d60c4576e74acfcd0ed77a6ea5d48800_5047bc596a4bab2dc7f7c120bb22dec5fc0.jpg?1755858584,Crystal,172,0,UNK
Sunie Dakwhil,12728791,170,163,Twintania,Light,100,0,4760f9b45bd6f71f83adbd97ab87eae3_c33f640c0cdd35f7def85b8aa31a0007fc0.jpg?1755857954,Crystal,148,0,DNC
Ossim Numine,26339671,171,164,Spriggan,Chaos,100,0,c5d164dd5b0090daf2749023d8296214_feaf0a2e88ff164813fbc9b85876fa48fc0.jpg?1755858405,Crystal,114,0,GNB
Fena Solba,31594261,172,165,Omega,Chaos,100,0,a0f2bdb54b25e0706daf73d3994eda74_39e25ac3d737c46452305eefe324372cfc0.jpg?1755858676,Crystal,109,0,PCT
Keisuke Ru'rin,28856291,173,166,Phantom,Chaos,100,0,75097745e92e20bb0a753d49a51020e8_f0a43d6e5eea19af337a176e9836acddfc0.jpg?1755857006,Crystal,103,0,NIN
Aya Ayane,41570933,174,167,Sagittarius,Chaos,100,0,987c1389de1f2b6552a2407735702553_44ca0844398b2d010d8cd4a31ddb023dfc0.jpg?1755857423,Crystal,99,0,UNK
Pattinger Kersel,8183392,175,232,Raiden,Light,100,100,4fec5839fc0fc0bba3a80fc4e1910660_a370664d98f658f4ed4e620f378f73cdfc0.jpg?1755858446,Crystal,89,7,PLD
Eden Sight,26795634,176,169,Zodiark,Light,100,0,0082848ea437238b52e2fc002e546579_c274370774c6bc3483cc8740805f41bcfc0.jpg?1755857633,Crystal,88,0,DRG
Victoria Nyala,43751055,176,170,Phoenix,Light,100,0,d41ca298e2f03ee2273aca61640ebce0_5047bc596a4bab2dc7f7c120bb22dec5fc0.jpg?1755858839,Crystal,88,2,WAR
Feral Flower,52018291,178,171,Sagittarius,Chaos,100,0,aebb2649bbe74f5212ba8599cdb1ecaf_44ca0844398b2d010d8cd4a31ddb023dfc0.jpg?1755857789,Crystal,83,0,UNK
Tora Arnet,14999105,178,172,Odin,Light,100,0,3eb8b4c19616d2f3a63cc2cae0830e5f_644311b63b607133c989d7c1188467dafc0.jpg?1755858367,Crystal,83,3,WHM
Brutal Killer,8885117,180,173,Ragnarok,Chaos,100,0,30c6a6207c7e93d407784888a7f29c97_40d57ba713628f3f1ef5ef204b6d76d2fc0.jpg?1755856824,Crystal,79,0,DRK
Mohli Pestyg,36540018,181,174,Odin,Light,100,0,5af112cb40e01a48849fa2016d1f9669_644311b63b607133c989d7c1188467dafc0.jpg?1755858808,Crystal,78,0,PCT
Zim Brinstar,3323527,182,175,Odin,Light,100,0,d0d1b1076e2c53eb8735b93bf975477c_644311b63b607133c989d7c1188467dafc0.jpg?1755858422,Crystal,77,0,BRD
Mali Haijy,18902907,183,210,Moogle,Chaos,100,100,37d4ed51fa473d3a9cf9dc0b40339017_d7a9d5f85a29d6278ec1c7adc2c8d242fc0.jpg?1755856818,Crystal,72,14,VPR
Kon Kichi,16494284,184,247,Ragnarok,Chaos,100,100,b0ad4e12ebd59b687aaf37b61426811e_40d57ba713628f3f1ef5ef204b6d76d2fc0.jpg?1755856621,Crystal,70,5,GNB
Cute'justice Enjoyer,36890452,185,191,Cerberus,Chaos,100,100,9604305ba4badce3cd48d71b2fbba926_777c57311d510ca65dac3c1077dee435fc0.jpg?1755858040,Crystal,69,7,VPR
Max Hawkes,22442332,186,176,Zodiark,Light,100,0,6bdc09f0e0fcbd5546b16ad91ef246ff_c274370774c6bc3483cc8740805f41bcfc0.jpg?1755855725,Crystal,59,0,DRK
A'chai Tia,58286240,187,177,Louisoix,Chaos,100,0,4cb5d80ac6b86f407a0fe43dc04cbcce_0a122616f3718d3f45cab10fd8fc1604fc0.jpg?1755856968,Crystal,57,0,BRD
Woofer Wrynn,39198163,187,177,Ragnarok,Chaos,100,0,3f1aef747eaad97cc5cec084d2e9d506_40d57ba713628f3f1ef5ef204b6d76d2fc0.jpg?1755858519,Crystal,57,0,WAR
Autuas Au,37357840,189,179,Phantom,Chaos,100,0,5c8929453beb42fb1a167e93eca11abf_f0a43d6e5eea19af337a176e9836acddfc0.jpg?1755856027,Crystal,51,0,UNK
Asra Arnault,31658031,190,180,Louisoix,Chaos,100,0,5e00348183a0f05f7a124d8fa6da7f95_0a122616f3718d3f45cab10fd8fc1604fc0.jpg?1755858374,Crystal,48,0,UNK
Marci Sidekick,41408431,191,181,Zodiark,Light,100,0,a9c3b41a05dec1fd191fe80f38009aa5_c274370774c6bc3483cc8740805f41bcfc0.jpg?1755858936,Crystal,46,0,DRG
Yuripa Arashi,37731658,191,181,Shiva,Light,100,0,73ff0d0b3cc5f92ec79dabffa2bedf80_3fbff0e6b620e4d259dc427abc6574dafc0.jpg?1755856271,Crystal,46,0,SCH
Vena Attire,43633781,193,184,Zodiark,Light,100,0,2916b10cce219f77debbcb017215616b_c274370774c6bc3483cc8740805f41bcfc0.jpg?1755859243,Crystal,36,0,AST
Kaede Yumishi,54070516,194,185,Raiden,Light,100,0,5d811f127e0fbf2c1fe988e910219758_a370664d98f658f4ed4e620f378f73cdfc0.jpg?1755858769,Crystal,34,0,UNK
Roy Dimgao,29524655,195,186,Omega,Chaos,100,0,320af7149c63c337e5826c2c2cc1bf37_39e25ac3d737c46452305eefe324372cfc0.jpg?1755858134,Crystal,32,0,SAM
Valaina Arkane,12209701,196,261,Odin,Light,100,100,8ca9628e91cfdbd8f55027b4b9b5ba3e_644311b63b607133c989d7c1188467dafc0.jpg?1755855901,Crystal,30,4,WHM
Lia Lothje,30611623,197,187,Odin,Light,100,0,12f34ee0f0d0404c9b47a7fea301f068_644311b63b607133c989d7c1188467dafc0.jpg?1755858112,Crystal,15,0,SMN
Corb Kokojoni,6787299,198,188,Ragnarok,Chaos,0,0,f26d0a2ff850097bbea861eb53883148_40d57ba713628f3f1ef5ef204b6d76d2fc0.jpg?1755859200,Diamond,326,6,GSM
A'dyalani Sato,10026278,199,189,Odin,Light,0,0,d072994a22af88090aecf6e5a3b85c36_644311b63b607133c989d7c1188467dafc0.jpg?1755857700,Diamond,168,0,PLD
Riseon Misha,26343965,200,190,Zodiark,Light,0,0,d883dcfcee6650b3e6e1691bf6838f6c_c274370774c6bc3483cc8740805f41bcfc0.jpg?1755856258,Diamond,110,0,WHM
Amethyst Celeste,34974515,201,0,Cerberus,Chaos,0,0,d5d007fe6a010f21f5437557dc796eb0_777c57311d510ca65dac3c1077dee435fc0.jpg?1755857558,Diamond,52,13,MCH
Thalia Meow,41267879,202,192,Louisoix,Chaos,0,0,4e92b01413c32cd46ae8e840cbfea083_0a122616f3718d3f45cab10fd8fc1604fc0.jpg?1755857843,Diamond,47,0,SGE
Aris Oz,41983172,203,193,Zodiark,Light,0,0,abbd4cf51609bf59977c5b4850c4c351_c274370774c6bc3483cc8740805f41bcfc0.jpg?1755859098,Diamond,36,0,WAR
Yujin Diamond,3398427,204,194,Shiva,Light,0,0,77f4519323422022823e54916c05c079_3fbff0e6b620e4d259dc427abc6574dafc0.jpg?1755857562,Diamond,31,0,RDM
Evaline Ra-kaifu,37526808,205,196,Alpha,Light,0,0,96a537579298d2ddb722aa9b834262cd_6132295fcf5570fb8b0a944ef322a598fc0.jpg?1755858034,Diamond,14,0,WHM
Hrodrich Frostwyght,57919169,206,197,Lich,Light,0,0,5e6436d53a20ae19928ffff4514ce8d0_7206469080400ed57a5373d0a9c55c59fc0.jpg?1755857602,Diamond,108,0,UNK
Nima Yanchen,16780005,207,198,Ragnarok,Chaos,0,0,b091a0d7f1b7fec1f57bac5ac173d7fe_40d57ba713628f3f1ef5ef204b6d76d2fc0.jpg?1755857394,Diamond,101,0,VPR
Nama Nari,24786884,208,199,Omega,Chaos,0,0,c5c78c4cbd2c36c0d234f971eb41fdce_39e25ac3d737c46452305eefe324372cfc0.jpg?1755856514,Diamond,36,0,UNK
Rei Nara,30869508,209,202,Ragnarok,Chaos,0,0,6d7be1a63248369bf5017070a85d6bd0_40d57ba713628f3f1ef5ef204b6d76d2fc0.jpg?1755855797,Diamond,65,0,UNK
Matthew Farron,46382254,210,0,Raiden,Light,0,0,8a0cac368a690f9e4989035a34aafa37_a370664d98f658f4ed4e620f378f73cdfc0.jpg?1755857243,Diamond,52,8,GNB
Lunaelumen Heartless,3344766,211,203,Phoenix,Light,0,0,442c49c53db78614043ce10aa9733411_5047bc596a4bab2dc7f7c120bb22dec5fc0.jpg?1755858431,Diamond,51,0,DRK
Thesa Sergearis,47267643,212,224,Raiden,Light,0,0,09dba50da69ae23c7f77aa5135356ea2_a370664d98f658f4ed4e620f378f73cdfc0.jpg?1755858922,Diamond,26,1,SMN
Akurei Amotanius,36595921,213,204,Odin,Light,0,0,ca5d9f24b62995e3bcb5d25cc576fc70_644311b63b607133c989d7c1188467dafc0.jpg?1755857635,Diamond,205,3,MNK
Arlys Merquis,22443885,214,205,Omega,Chaos,0,0,555dd337c7227414481209f295fed99b_39e25ac3d737c46452305eefe324372cfc0.jpg?1755858594,Diamond,159,0,NIN
Aleya Meriwood,44854946,215,206,Twintania,Light,0,0,ae831ad52999f7b17276a4d7e4f57e70_c33f640c0cdd35f7def85b8aa31a0007fc0.jpg?1755858533,Diamond,135,0,CUL
Charon Tesar,2860491,216,250,Shiva,Light,0,0,71fb4ffe6d15608a77682afdbdef53d7_3fbff0e6b620e4d259dc427abc6574dafc0.jpg?1755857084,Diamond,126,2,PCT
Sir Zeding,25636020,217,208,Louisoix,Chaos,0,0,152a8080b6f49fabcaf2969776e44d66_0a122616f3718d3f45cab10fd8fc1604fc0.jpg?1755859150,Diamond,108,5,DRG
Rococo Rocci,20024582,218,209,Twintania,Light,0,0,daee1fe786fa8a581eb947e1db75c268_c33f640c0cdd35f7def85b8aa31a0007fc0.jpg?1755857356,Diamond,95,0,PCT
Shadow Aya,54551815,219,211,Zodiark,Light,0,0,5ca13f39db9eefc50e8e57be73e7254e_c274370774c6bc3483cc8740805f41bcfc0.jpg?1755855782,Diamond,13,0,DRK
Mr Zoro,46151223,220,212,Raiden,Light,0,0,3d193d6d7090a654a59e926bcd7a3864_a370664d98f658f4ed4e620f378f73cdfc0.jpg?1755857826,Diamond,412,25,UNK
Rhen Veydris,2197336,221,238,Odin,Light,0,0,7eccc4a3c359b6261d61b9a4a1edfd7e_644311b63b607133c989d7c1188467dafc0.jpg?1755857326,Diamond,216,12,ARM
Reddo Everflame,39026766,222,214,Zodiark,Light,0,0,4fe9d3f26b1239946c8951208fcdfa88_c274370774c6bc3483cc8740805f41bcfc0.jpg?1755856744,Diamond,164,23,DRK
Grunbeld Murotar,38372576,223,215,Moogle,Chaos,0,0,4935519e129579ee4ea2d9fd7f3e211f_d7a9d5f85a29d6278ec1c7adc2c8d242fc0.jpg?1755857407,Diamond,139,0,SGE
Seventh Prince,18364479,224,216,Sagittarius,Chaos,0,0,9a2048d77db61bfce83adaca7a3d20e6_44ca0844398b2d010d8cd4a31ddb023dfc0.jpg?1755858045,Diamond,124,2,DRG
Yuki Shinryu,18457903,225,241,Omega,Chaos,0,0,7c3380880e156cefcc0afc85574b6091_39e25ac3d737c46452305eefe324372cfc0.jpg?1755858254,Diamond,113,11,WHM
Lord Beerpong,32339736,226,219,Ragnarok,Chaos,0,0,43c14b84a3522fae22e6e13e9e2ddae0_40d57ba713628f3f1ef5ef204b6d76d2fc0.jpg?1755857200,Diamond,83,10,CUL
Oromi Rhiki,16523830,227,217,Lich,Light,0,0,ab89760a923d31eace5980a003c4e621_7206469080400ed57a5373d0a9c55c59fc0.jpg?1755858910,Diamond,79,0,WVR
Victus Victorious,29434550,228,218,Zodiark,Light,0,0,6e3ec7cf8b6b93c69952ef4654d35a0a_c274370774c6bc3483cc8740805f41bcfc0.jpg?1755857478,Diamond,76,0,BTN
Bing Bing,25917338,229,220,Odin,Light,0,0,7f2d07a748bf9d9065301e64c8395f53_644311b63b607133c989d7c1188467dafc0.jpg?1755857785,Diamond,68,0,WHM
Red Fluffy,41965323,230,273,Shiva,Light,0,0,6e4c702e77f55eff42d4c42a07f242db_3fbff0e6b620e4d259dc427abc6574dafc0.jpg?1755855882,Diamond,54,2,VPR
Mana Hatasashi,45157015,231,221,Phantom,Chaos,0,0,cd50c29e576a57cdaa12625487c38f8a_f0a43d6e5eea19af337a176e9836acddfc0.jpg?1755856338,Diamond,52,0,UNK
Raven Quinn,13410885,232,222,Cerberus,Chaos,0,0,2c7d08355665f2e1bd32d304a60d7a47_777c57311d510ca65dac3c1077dee435fc0.jpg?1755856870,Diamond,50,0,MCH
Rei Morow,28187368,233,223,Raiden,Light,0,0,3f9c2b5b08b9fdb4c7d188d33979cea6_a370664d98f658f4ed4e620f378f73cdfc0.jpg?1755856362,Diamond,45,0,UNK
Crimson Silver,3116097,234,225,Odin,Light,0,0,697a0c4de1ef071a19da282c675f2f27_644311b63b607133c989d7c1188467dafc0.jpg?1755856633,Diamond,193,25,GNB
Lapis Antiqua,42780717,235,226,Cerberus,Chaos,0,0,52a6af383c1b05ba0c263ea1d76bd792_777c57311d510ca65dac3c1077dee435fc0.jpg?1755856055,Diamond,147,0,MCH
Elwing Damar,25889871,236,227,Moogle,Chaos,0,0,944d594d237a7e0ba0693b87c612c278_d7a9d5f85a29d6278ec1c7adc2c8d242fc0.jpg?1755858023,Diamond,136,0,RDM
Meekha Engel,9093627,237,228,Cerberus,Chaos,0,0,e88c8910803d55d8308b4bb1f71bd8e0_777c57311d510ca65dac3c1077dee435fc0.jpg?1755858420,Diamond,128,6,AST
Aiva Ibusaki,11039086,238,229,Shiva,Light,0,0,39b96ee63110c8909c27318f222d3695_3fbff0e6b620e4d259dc427abc6574dafc0.jpg?1755858248,Diamond,98,3,CUL
Calais Starmantle,29947683,239,230,Phoenix,Light,0,0,277d442e83d413dc4e1ecc0d8ec6aa3f_5047bc596a4bab2dc7f7c120bb22dec5fc0.jpg?1755857412,Diamond,92,1,GNB
Namidea Valniere,2243911,240,231,Ragnarok,Chaos,0,0,51e8d4ba7b715f7acfa7ea17e9e15f5e_40d57ba713628f3f1ef5ef204b6d76d2fc0.jpg?1755857804,Diamond,86,0,DRK
Amarth Vual,37220642,241,233,Lich,Light,0,0,64bdc4017f196c6ab4c813692496b5f6_7206469080400ed57a5373d0a9c55c59fc0.jpg?1755857870,Diamond,84,4,PLD
Allen Thyl,39251338,242,234,Cerberus,Chaos,0,0,372cf3acaa4e94b0101e4fc53f4b08d4_777c57311d510ca65dac3c1077dee435fc0.jpg?1755857362,Diamond,75,0,NIN
Sal Ren,40787945,243,236,Phantom,Chaos,0,0,9613f7a8c0a759977b8a3fe787fed7e0_f0a43d6e5eea19af337a176e9836acddfc0.jpg?1755855914,Diamond,71,18,WAR
Kiara Anima,33528154,244,235,Raiden,Light,0,0,f1bb383b8594f615718c3d7f602fc10c_a370664d98f658f4ed4e620f378f73cdfc0.jpg?1755856621,Diamond,66,0,MNK
Cecilia Wright,29686272,245,237,Omega,Chaos,0,0,521a76d7e6285dcc102337d8dcaba195_39e25ac3d737c46452305eefe324372cfc0.jpg?1755855859,Diamond,52,0,DRK
Malanya Gilvegania,5121870,246,239,Spriggan,Chaos,0,0,7ec64e843e5e07f20b84e9a853e057df_feaf0a2e88ff164813fbc9b85876fa48fc0.jpg?1755858262,Diamond,125,0,GNB
Yorokobi Honto,22647788,247,252,Louisoix,Chaos,0,0,6ce613729b0649fb6f7ce331b5983678_0a122616f3718d3f45cab10fd8fc1604fc0.jpg?1755858863,Diamond,123,2,SMN
Nero Tidebringer,22058267,248,240,Louisoix,Chaos,0,0,5b596e4be2cd63bf74b6ee32d186d428_0a122616f3718d3f45cab10fd8fc1604fc0.jpg?1755857463,Diamond,110,0,SMN
Alma Larenn,31655917,249,241,Phantom,Chaos,0,0,954864bfc9ac5db0aad9f8e8f38de6bd_f0a43d6e5eea19af337a176e9836acddfc0.jpg?1755858213,Diamond,102,0,MCH
Truffles Bubbles,3277931,249,241,Odin,Light,0,0,b961fb7ba7c3ffb0f64e8444a41aeb89_644311b63b607133c989d7c1188467dafc0.jpg?1755858595,Diamond,102,0,ARM
Ayata Miyabi,20861679,251,244,Louisoix,Chaos,0,0,5b26312fcf95dd3660fa779f2ed897f3_0a122616f3718d3f45cab10fd8fc1604fc0.jpg?1755858180,Diamond,89,0,RDM
Alumae Lane,33730385,252,245,Omega,Chaos,0,0,691b06937e21977e1f13ff9a96dcabcc_39e25ac3d737c46452305eefe324372cfc0.jpg?1755859167,Diamond,83,0,BLM
Gernhart Reinballern,37606716,253,246,Spriggan,Chaos,0,0,acf6c4c95733af33c80e9c3b63eddf63_feaf0a2e88ff164813fbc9b85876fa48fc0.jpg?1755855911,Diamond,73,0,BLM
Angela Sunseeker,18544957,254,259,Louisoix,Chaos,0,0,cc6e4bece2719089c467e0dfb06918ef_0a122616f3718d3f45cab10fd8fc1604fc0.jpg?1755855824,Diamond,61,3,AST
Nobbee Bee,525689,255,248,Cerberus,Chaos,0,0,0fbb4f119d088d3db6e99ed2914b52e3_777c57311d510ca65dac3c1077dee435fc0.jpg?1755855713,Diamond,169,0,WVR
Chrizp Bacon,36384036,256,249,Twintania,Light,0,0,70d8a7be00f886b4053e18b555f41c88_c33f640c0cdd35f7def85b8aa31a0007fc0.jpg?1755858768,Diamond,144,0,PLD
Emmie Wallenkirsch,25849519,257,251,Odin,Light,0,0,9b735b6774198047a29e10acfac44a7b_644311b63b607133c989d7c1188467dafc0.jpg?1755857087,Diamond,122,0,BLM
Wiwiwi Wiwiwi,898746,258,253,Omega,Chaos,0,0,eb3d13810b365032b10026ea0d5413f7_39e25ac3d737c46452305eefe324372cfc0.jpg?1755857941,Diamond,111,0,BRD
Lorem Malaguld,38433729,259,254,Phoenix,Light,0,0,e1a4fe415f857d763dd34028b258f04c_5047bc596a4bab2dc7f7c120bb22dec5fc0.jpg?1755858037,Diamond,106,0,DNC
Skryah Ayrwyn,26038365,260,255,Sagittarius,Chaos,0,0,b5b12ff5d9ed92195cdaa86ba87bc873_44ca0844398b2d010d8cd4a31ddb023dfc0.jpg?1755858280,Diamond,85,0,DRG
Astral Highwind,29689702,261,256,Omega,Chaos,0,0,97af63b900951c4e5b86b87e21f0d233_39e25ac3d737c46452305eefe324372cfc0.jpg?1755857768,Diamond,84,0,PLD
Dritz Mayl,9010583,262,257,Phoenix,Light,0,0,2c47fe0f058ba3fdbed038d09f710017_5047bc596a4bab2dc7f7c120bb22dec5fc0.jpg?1755858935,Diamond,77,0,GNB
Bakali Grunert,37131100,263,258,Alpha,Light,0,0,0ed4a8f520a3fb6aacd01b67f886e654_6132295fcf5570fb8b0a944ef322a598fc0.jpg?1755857644,Diamond,72,0,SGE
Yone Ashina,30902252,264,260,Ragnarok,Chaos,0,0,0e82717d755f8e19345912612a8dfc47_40d57ba713628f3f1ef5ef204b6d76d2fc0.jpg?1755856154,Diamond,55,1,SAM
Yua Shishi,36527378,265,0,Omega,Chaos,0,0,ca997faa67da98383b054501c44ad35c_39e25ac3d737c46452305eefe324372cfc0.jpg?1755858928,Diamond,52,8,RDM
Doctor Zoidberg,9214410,266,262,Cerberus,Chaos,0,0,40bc630c90e57d0ca265dd7fc809d5c8_777c57311d510ca65dac3c1077dee435fc0.jpg?1755856375,Diamond,7,0,PCT
Simi Sunshine',5663390,267,263,Odin,Light,0,0,37b08b6bb6f30161ff909ee4625acd51_644311b63b607133c989d7c1188467dafc0.jpg?1755855788,Diamond,243,8,PCT
Perhaps Mayhaps,37474425,268,264,Twintania,Light,0,0,cebf8c69029dd630783bec1aab9868e1_c33f640c0cdd35f7def85b8aa31a0007fc0.jpg?1755859254,Diamond,152,0,FSH
Kyrie Eleison,39068875,269,265,Sagittarius,Chaos,0,0,39f08d131c5873517bb258c493357f05_44ca0844398b2d010d8cd4a31ddb023dfc0.jpg?1755857957,Diamond,108,0,BRD
Girl Btw,24341128,270,266,Odin,Light,0,0,513b9cac12d871179d7214947d6db881_644311b63b607133c989d7c1188467dafc0.jpg?1755858271,Diamond,94,0,SCH
Kaz Spacedust,57274316,271,267,Phantom,Chaos,0,0,219829fb165af0074b5e3246cb691037_f0a43d6e5eea19af337a176e9836acddfc0.jpg?1755857243,Diamond,92,1,WHM
Ceru Rubina,13330116,272,268,Lich,Light,0,0,21435b4965086f5c1a76684ed46fa276_7206469080400ed57a5373d0a9c55c59fc0.jpg?1755857114,Diamond,89,0,DRK
Based Miqote,46487952,273,269,Twintania,Light,0,0,5e2bb42e554586a20b050b7fd3f88e26_c33f640c0cdd35f7def85b8aa31a0007fc0.jpg?1755857299,Diamond,87,0,UNK
Rainzne Rensoho,47954536,274,270,Sagittarius,Chaos,0,0,22bba613a4a8bd790ff3cebd6baf6d87_44ca0844398b2d010d8cd4a31ddb023dfc0.jpg?1755859095,Diamond,86,2,DNC
Animesan Kaslana,32077606,275,271,Moogle,Chaos,0,0,6268def88e20eea0574685430503059b_d7a9d5f85a29d6278ec1c7adc2c8d242fc0.jpg?1755858512,Diamond,80,0,RPR
Augma Edelfelt,43002767,276,272,Shiva,Light,0,0,e60b69ffe4556d5f11f40b93511957e4_3fbff0e6b620e4d259dc427abc6574dafc0.jpg?1755856143,Diamond,66,11,NIN
Rana Banana,505901,277,0,Ragnarok,Chaos,0,0,a292a50c2e7da8e7d769c71c38b3ceea_40d57ba713628f3f1ef5ef204b6d76d2fc0.jpg?1755858266,Diamond,62,18,FSH
Indigo Plateau,36110530,278,274,Odin,Light,0,0,4c00ab282042e71b2d627aafb68f14f3_644311b63b607133c989d7c1188467dafc0.jpg?1755857663,Diamond,50,0,SGE
Joseph Wolfkin,43539371,279,275,Louisoix,Chaos,0,0,876d621c3956d460073370e3e1bf95ab_0a122616f3718d3f45cab10fd8fc1604fc0.jpg?1755857464,Diamond,47,0,PLD
Nayt Eclipse,34138271,280,276,Twintania,Light,0,0,9ec2a817871d5c51b11b44c68a993d31_c33f640c0cdd35f7def85b8aa31a0007fc0.jpg?1755855778,Diamond,39,2,DRG
Kal Tanavast,21949363,281,277,Omega,Chaos,0,0,dfeeca71f35832d183f78245f29992f1_39e25ac3d737c46452305eefe324372cfc0.jpg?1755858753,Diamond,29,0,SCH
Uki Yo,50895216,282,278,Louisoix,Chaos,0,0,01c8c27039448a796053947550cced8a_0a122616f3718d3f45cab10fd8fc1604fc0.jpg?1755856262,Diamond,8,0,RPR
Franziska Hatia,6541981,283,279,Moogle,Chaos,0,0,3346d7c134c0675bdb576962512a264b_d7a9d5f85a29d6278ec1c7adc2c8d242fc0.jpg?1755857658,Diamond,226,0,RDM
Sitri Soreus,41256416,284,280,Moogle,Chaos,0,0,72c39ca2462344ed634b5fda0bc98489_d7a9d5f85a29d6278ec1c7adc2c8d242fc0.jpg?1755856933,Diamond,93,0,SCH
Chrom Dokuro,33707967,285,281,Spriggan,Chaos,0,0,3fbdebe4771955f4f406ea79fda60e25_feaf0a2e88ff164813fbc9b85876fa48fc0.jpg?1755859090,Diamond,75,1,NIN
Alice Kittimo,34781171,286,0,Cerberus,Chaos,0,0,ec971a9e6eba1c32ecd2e88bec8f2c49_777c57311d510ca65dac3c1077dee435fc0.jpg?1755857639,Diamond,65,19,MIN
Qeryn Olo,14493505,287,0,Shiva,Light,0,0,4a29f01517d6bc0fba65ce7c162c6752_3fbff0e6b620e4d259dc427abc6574dafc0.jpg?1755856026,Diamond,64,12,BRD
Miloire Veritat,13747940,288,282,Sagittarius,Chaos,0,0,2f1ba19bb2392139d587541ebf92a119_44ca0844398b2d010d8cd4a31ddb023dfc0.jpg?1755858430,Diamond,63,0,AST
Lise-hoi Pipeloi,29719212,289,283,Cerberus,Chaos,0,0,57c5498cda4f5b24c975d5c6ad1dad53_777c57311d510ca65dac3c1077dee435fc0.jpg?1755856881,Diamond,58,0,GNB
Moth Kathain,41240837,290,284,Cerberus,Chaos,0,0,4239df280482f84ad3ec0222e3c050a8_777c57311d510ca65dac3c1077dee435fc0.jpg?1755858028,Diamond,51,0,DRK
Sarah Pelepas,36390152,291,285,Twintania,Light,0,0,4d98b4ef01ccfc9df166d83a5771a4ea_c33f640c0cdd35f7def85b8aa31a0007fc0.jpg?1755858315,Diamond,42,0,SAM
Falma Skye,11138827,292,286,Omega,Chaos,0,0,59b3101cb2c9f4fd1f83cdcc8261e327_39e25ac3d737c46452305eefe324372cfc0.jpg?1755858583,Diamond,38,0,WHM
Mer Lin,50434149,293,287,Spriggan,Chaos,0,0,52a13256ecf71bc72e25a6b211b196c8_feaf0a2e88ff164813fbc9b85876fa48fc0.jpg?1755858419,Diamond,10,0,DRK
Athena Olympe,44680885,294,293,Sagittarius,Chaos,0,0,7e7afe9e9cebc29cee3220c1e0530540_44ca0844398b2d010d8cd4a31ddb023dfc0.jpg?1755858269,Diamond,251,23,GNB
Kasuo Kurenai,19914163,295,0,Moogle,Chaos,0,0,341fc38f11952d5f6603289728a95a7e_d7a9d5f85a29d6278ec1c7adc2c8d242fc0.jpg?1755858064,Diamond,96,7,DRK
Little Bro,30487308,296,300,Ragnarok,Chaos,0,0,e88ecbc7e546ca4eb30c434b112830c9_40d57ba713628f3f1ef5ef204b6d76d2fc0.jpg?1755857692,Diamond,71,3,SMN
Glyceri Chosuti,30338174,297,288,Moogle,Chaos,0,0,6d93c9241424e92e6f0351d35d8b6eaa_d7a9d5f85a29d6278ec1c7adc2c8d242fc0.jpg?1755856978,Diamond,61,0,SGE
Happo Sama,37637493,298,289,Odin,Light,0,0,bb9dc4c16e6c26445246a211431b7150_644311b63b607133c989d7c1188467dafc0.jpg?1755858588,Diamond,54,0,UNK
Selin Naari,16360751,298,289,Cerberus,Chaos,0,0,fb2c3681e2cb33bdcd7894d5aad0b9ec_777c57311d510ca65dac3c1077dee435fc0.jpg?1755858991,Diamond,54,0,VPR
Donpe Molkot,25680281,300,291,Moogle,Chaos,0,0,ac762c200099aa5afcede92a58772fbd_d7a9d5f85a29d6278ec1c7adc2c8d242fc0.jpg?1755858514,Diamond,51,3,UNK
